chromosome	base_pair_location	effect_allele_frequency	beta	standard_error	p_value	odds_ratio	ci_lower	ci_upper	effect_allele	other_allele
6	161089307	0.1656	0.1655	0.0314	1.394e-07	1.17998296271946	1.10955163356964	1.25488508166916	T	C
7	19049388	0.1684	0.1759	0.0274	1.43e-10	1.1923188208068	1.129975555286	1.25810170299683	A	G
11	102800278	0.921	-0.2101	0.0391	7.787e-08	0.810503191598376	0.750709890089615	0.875058970533524	T	G
1	154418415	0.5977	0.0442	0.0216	0.04063	1.04519137226046	1.00186573832791	1.09039062107357	T	C
2	216291359	0.2557	-0.0676	0.0246	0.005955	0.934634252517449	0.890639085813449	0.980802661698838	T	C
3	14928077	0.6208	-0.0716	0.0216	0.0009185	0.930903182621929	0.892315062218968	0.971160044368928	T	G
4	148393664	0.1418	0.1492	0.0325	4.508e-06	1.16090514702193	1.08926156134407	1.23726091896519	T	C
10	30323892	0.4513	0.0526	0.0211	0.01278	1.05400795760443	1.0113074513607	1.09851141035174	A	G
10	91002927	0.3316	0.092	0.0218	2.426e-05	1.09636482208082	1.0505060495287	1.14422551268084	T	C
13	29022645	0.3279	0.0645	0.0225	0.004162	1.06662557824465	1.02060950218976	1.11471637460241	T	C
