chromosome	base_pair_location	effect_allele_frequency	beta	standard_error	p_value	odds_ratio	ci_lower	ci_upper	effect_allele	other_allele
1	8482078	0.5611	0.0546	0.0165	0.000911	1.0561180829416	1.02250960240924	1.09083122788107	T	C
1	16126676	0.3368	0.0005	0.0176	0.9791	1.00050012502084	0.966575370931258	1.03561556632907	A	G
1	18123443	0.849	0.0144	0.0226	0.5248	1.01450417946076	0.970546465132349	1.06045281407831	T	G
1	32207581	0.8199	-0.0083	0.0228	0.7171	0.991734349899582	0.948391393110732	1.03705814700061	T	G
1	37167333	0.3047	0.0155	0.0176	0.3765	1.01562074805831	0.981183286968104	1.05126689130005	T	G
1	37672580	0.7118	-0.0262	0.0178	0.142	0.97414024207623	0.94074045097367	1.00872585020679	A	C
1	38431554	0.7183	0.0216	0.018	0.2304	1.02183496872525	0.986413145970606	1.05852877932027	T	C
1	41104664	0.4742	-0.0003	0.016	0.9838	0.9997000449955	0.96883593030313	1.03154739487347	A	G
1	50316592	0.2135	-0.0091	0.0196	0.6407	0.990941279690043	0.953595215487118	1.02974994404951	T	C
1	50456837	0.1014	-0.0172	0.0265	0.5154	0.982947075559546	0.933196023489166	1.03535048267625	T	C
1	52339759	0.469	-0.0169	0.0161	0.2929	0.983242003919255	0.95269925715095	1.01476392577681	T	C
1	61738270	0.4566	-0.003	0.0174	0.862	0.997004495503373	0.963575918242357	1.03159278395739	T	C
1	66461401	0.5279	0.0048	0.016	0.7618	1.00481153845414	0.973789614705796	1.03682172469626	A	G
1	67500894	0.2069	-0.0043	0.0201	0.8287	0.995709231763066	0.957244915699528	1.03571913306396	T	C
1	72747844	0.4914	0.0035	0.0166	0.8324	1.00350613215209	0.971381494103354	1.03669316677316	T	C
1	72891435	0.1889	0.0564	0.0202	0.005217	1.0580208074292	1.01695004917018	1.10075025795669	A	G
1	73661616	0.5032	-0.0108	0.0159	0.4963	0.989258110613648	0.95890430050594	1.02057276090903	T	C
1	80831434	0.2794	0.006	0.0185	0.7455	1.00601803605406	0.970193250508002	1.04316566656813	A	G
1	84119728	0.4239	0.0225	0.0163	0.167	1.02275503416445	0.990596492121228	1.05595756519266	T	C
1	87370742	0.8528	-0.0521	0.0226	0.02141	0.949233938702691	0.908104335539788	0.992226372148563	A	G
1	87950184	0.5964	-0.0315	0.0171	0.06545	0.96899095645374	0.937052470417933	1.00201803349428	A	G
1	88846367	0.6576	-0.0058	0.0171	0.734	0.994216787528431	0.961446843935508	1.02810366151626	A	T
1	96835923	0.7583	0.0106	0.0189	0.5744	1.01065637902982	0.973902580853012	1.04879721704713	C	G
1	118013322	0.6647	-0.0129	0.017	0.4488	0.987182848369375	0.954831876069353	1.02062991458392	A	G
1	154207635	0.1069	0.0024	0.0275	0.9302	1.00240288230538	0.9498036499622	1.05791501063839	T	G
1	154555733	0.7176	-0.0239	0.0184	0.1932	0.976383343210476	0.941798437717729	1.01223828233254	A	T
1	168904381	0.0925	0.0003	0.0291	0.9906	1.0003000450045	0.944843475120947	1.05901157851349	C	G
1	173868955	0.207	-0.0215	0.0205	0.2952	0.978729477469148	0.940183697441999	1.01885556266639	T	C
1	176318604	0.4494	-0.0076	0.0166	0.6483	0.992428806976131	0.960658780673576	1.02524950245652	T	C
1	177394187	0.8354	-0.0185	0.0216	0.3897	0.981670074591791	0.940977547440216	1.02412234805239	A	G
1	181591756	0.0681	0.0116	0.0327	0.7225	1.01166754090552	0.948861911920733	1.07863030485654	T	C
1	190048077	0.6721	-0.009	0.0169	0.5974	0.991040378772884	0.95875088809118	1.02441733776511	T	C
1	191349614	0.4755	-0.0256	0.0162	0.1136	0.974724901601794	0.944261630766732	1.00617096241765	T	C
1	197446702	0.428	-0.0013	0.0163	0.9385	0.998700844633952	0.96729863977754	1.03112248488425	T	G
1	198447754	0.9487	-0.0093	0.0379	0.8068	0.99074311125161	0.919813819065241	1.0671419499764	T	C
1	201763184	0.3326	-0.0059	0.0168	0.7252	0.994117370820596	0.961916144495372	1.0273965694647	T	C
1	214124818	0.4187	-0.0278	0.0162	0.08604	0.972582863923671	0.942186538617364	1.00395981944943	T	C
1	214423797	0.2816	0.0255	0.019	0.1785	1.02582790627044	0.988328644906993	1.06474996824789	A	T
1	216292566	0.5077	-0.0046	0.0163	0.7781	0.995410563795972	0.964111815418509	1.02772538897524	T	G
1	217064958	0.6572	0.0232	0.0182	0.2025	1.02347121332182	0.987605453059429	1.06063947019884	A	G
1	227004367	0.5367	0.002	0.016	0.9018	1.002002001334	0.971066817479631	1.03392268441754	A	G
1	241806189	0.6348	0.0077	0.0188	0.6823	1.00772972123553	0.971272705468292	1.04555516215378	T	C
1	244340598	0.8122	0.0039	0.0209	0.8515	1.00390761489615	0.963614462049958	1.045885609793	T	C
1	246194044	0.7865	0.0358	0.0202	0.07656	1.03644853605336	0.996215180552914	1.0783067642986	C	G
2	5891511	0.7614	0.0038	0.0194	0.8441	1.00380722915403	0.966355016868003	1.04271094547391	A	G
2	10182496	0.1982	0.0096	0.0217	0.6577	1.00964622781057	0.967604354448084	1.05351479728879	A	G
2	15410107	0.5399	0.0171	0.016	0.2846	1.01724704194337	0.985841192228562	1.0496533848452	A	G
2	22171546	0.5208	-0.0129	0.0169	0.4441	0.987182848369375	0.955019041458672	1.02042989072364	A	G
2	22558876	0.3764	0.0015	0.0164	0.9288	1.00150112556271	0.96982076782106	1.0342163601599	A	G
2	22888130	0.3532	0.0009	0.0168	0.9569	1.00090040512153	0.96847946427455	1.03440667347846	A	G
2	24133027	0.8573	-0.0291	0.0234	0.2124	0.971319327677079	0.927776885695246	1.01690530435241	T	C
2	28042059	0.2007	0.0117	0.0204	0.5658	1.01176871271812	0.972112247715841	1.05304292836614	T	C
2	34356201	0.3342	0.0318	0.018	0.07643	1.03231102245303	0.996526048182075	1.06938102523469	A	G
2	44207974	0.3621	0.017	0.0171	0.3192	1.01714532232524	0.983619641350507	1.05181369223945	C	G
2	50392938	0.9309	-0.0472	0.0316	0.1345	0.953896599191329	0.896608470454043	1.01484511013821	A	G
2	50970292	0.7993	-0.0251	0.02	0.2098	0.975212385913517	0.937723640236875	1.01419987385505	T	G
2	50976459	0.1285	-0.0113	0.0241	0.6391	0.988763605194998	0.943144286594184	1.03658950263977	T	G
2	57987593	0.5335	0.0021	0.0159	0.8962	1.00210220654431	0.971354295802297	1.033823432604	T	C
2	58667149	0.1248	-0.0328	0.0241	0.1732	0.967732086653011	0.923083114796338	1.01454070226863	A	G
2	58881871	0.8635	-0.0546	0.0232	0.01872	0.946863817741574	0.904772272087143	0.990913533722657	A	G
2	58969692	0.9734	-0.0011	0.0541	0.9833	0.998900604778228	0.898403481807968	1.11063952715133	A	T
2	60159532	0.3501	-0.0237	0.0169	0.1619	0.976578639408087	0.944760332553463	1.00946854571096	A	G
2	60477052	0.3714	0.0064	0.0165	0.6984	1.00642052376066	0.974393551467964	1.03950017846561	A	T
2	71563549	0.4352	0.0	0.0166	0.9987	1.0	0.967987601650383	1.03307108303354	T	G
2	76776812	0.2555	-0.0081	0.0183	0.6571	0.991932716605571	0.956984580489652	1.02815712429668	T	C
2	86825143	0.1463	0.0037	0.023	0.8727	1.00370685344998	0.959464464169305	1.04998932767633	T	C
2	100109001	0.4311	0.0375	0.0161	0.02013	1.03821199708183	1.00596170062145	1.0714962112561	T	C
2	104489351	0.3127	0.0	0.0174	0.9989	1.0	0.966470986428062	1.03469220912245	T	C
2	104984959	0.7872	0.0174	0.0199	0.38	1.01755226183665	0.978627694896276	1.0580250395209	A	G
2	113234316	0.2822	-0.0236	0.0203	0.2457	0.976676302155084	0.938579234288355	1.0163197355571	T	C
2	125052996	0.3376	-0.0082	0.0172	0.6336	0.991833528293409	0.958954164826028	1.02584021627918	A	T
2	125278565	0.3151	0.0294	0.0173	0.08986	1.02983644667787	0.995502145780548	1.06535491801933	T	C
2	138394450	0.2814	-0.0008	0.0181	0.9654	0.999200319914684	0.964374089499961	1.03528422236571	T	G
2	142489456	0.1267	0.0173	0.0245	0.4796	1.01745051169806	0.969747064243477	1.06750056991637	T	C
2	144074905	0.3792	0.0035	0.0167	0.8315	1.00350613215209	0.971191121987587	1.03689637854795	A	G
2	144158287	0.4314	-0.0026	0.0162	0.8704	0.99740337707257	0.966231331341887	1.02958107890601	T	C
2	145792165	0.2598	-0.0122	0.0181	0.4988	0.987874118279475	0.953442652458008	1.02354900008989	T	C
2	146681518	0.7581	0.0123	0.0188	0.5114	1.01237595610055	0.97575085175344	1.05037579485452	T	C
2	148993376	0.1013	0.0297	0.027	0.2711	1.03014544395915	0.977047509674865	1.08612900109937	A	G
2	153268611	0.2614	0.001	0.0178	0.9535	1.00100050016671	0.966679766708589	1.03653974753778	A	G
2	155246261	0.6957	0.0059	0.0173	0.7351	1.00591743928038	0.972380587725429	1.04061095770674	A	G
2	155945716	0.4718	-0.0083	0.0162	0.6063	0.991734349899582	0.960739479400452	1.02372916056757	A	G
2	157145541	0.2004	-0.0243	0.02	0.2251	0.975992867973446	0.938474119300664	1.01501155838465	T	G
2	160354670	0.1992	-0.034	0.0205	0.09638	0.966571504637507	0.928504547979975	1.00619913559902	A	G
2	161440199	0.3274	0.0077	0.0174	0.6558	1.00772972123553	0.973941537735379	1.04269009146354	A	C
2	162033854	0.6917	-0.0055	0.0173	0.7486	0.994515097308919	0.961358394894585	1.02881535546774	T	C
2	162226838	0.2181	0.0425	0.0192	0.02669	1.04341605637368	1.00487986796193	1.0834300710059	A	G
2	164915279	0.7726	-0.0322	0.0191	0.09244	0.968312900131622	0.932733273033115	1.00524973180411	A	G
2	165045101	0.5701	0.0077	0.0162	0.6338	1.00772972123553	0.976234944220917	1.04024056613941	A	G
2	172865775	0.4287	-0.0243	0.0161	0.1322	0.975992867973446	0.945675303329785	1.00728238855451	A	G
2	173797297	0.6644	0.0145	0.0183	0.4298	1.0146056349514	0.97885867828724	1.05165803533189	A	G
2	175239185	0.4461	-0.0285	0.0162	0.07865	0.971902294146137	0.941527238822181	1.00325729348859	A	C
2	176727834	0.5054	0.0148	0.0162	0.3626	1.0149100623037	0.983190876664372	1.04765255558502	T	C
2	185785791	0.6005	-0.0047	0.0162	0.7724	0.99531102771648	0.964204374595559	1.02742122727826	A	G
2	191741948	0.2392	0.0014	0.0187	0.9412	1.00140098045749	0.965362114349998	1.038785248307	A	G
2	198413692	0.6701	-0.0121	0.0168	0.4708	0.987972910630838	0.955970714278356	1.0210464165497	C	G
2	208076936	0.676	0.0048	0.0173	0.782	1.00481153845414	0.971311557153539	1.03946691499211	A	G
2	208533370	0.2484	-0.0047	0.0191	0.8059	0.99531102771648	0.958739383149552	1.03327771791295	A	G
2	210065783	0.4793	0.0076	0.0161	0.6346	1.00762895330189	0.976328667274197	1.03993270049819	A	G
2	212031837	0.4788	-0.02	0.0162	0.2161	0.980198673306755	0.949564329598041	1.01182132605911	A	G
2	212693775	0.8401	-0.0619	0.0242	0.01064	0.939976879779339	0.896432752414764	0.985636158584817	T	C
2	212710934	0.6795	0.0133	0.0188	0.4775	1.0133888384134	0.976727090643285	1.05142669601238	A	G
2	215406362	0.2741	0.0211	0.018	0.2409	1.02132417894897	0.985920062678716	1.05799964722466	T	C
2	222875933	0.5199	-0.0225	0.0169	0.1832	0.977751237193336	0.945894725452139	1.01068063507398	A	G
2	226360417	0.2961	-0.0134	0.0179	0.4565	0.986689380322482	0.952672581945205	1.02192080646776	A	G
2	233696701	0.6251	0.0098	0.0164	0.5512	1.00984817725041	0.977903778284234	1.04283607829518	A	C
2	241713646	0.655	-0.0102	0.018	0.5722	0.989851843582095	0.955538713155111	1.02539714901517	A	G
3	2322703	0.3836	-0.0358	0.0168	0.03302	0.964833240835912	0.933580579463934	0.997132120246607	T	C
3	5767413	0.1913	-0.0019	0.021	0.9267	0.998101803857376	0.957853917107833	1.0400408591232	T	C
3	8278215	0.5266	0.0305	0.0169	0.0713	1.03096989004878	0.99737943967877	1.06569162337007	T	C
3	12259813	0.7394	-0.0224	0.0182	0.2189	0.977849017205975	0.943582007086465	1.01336046392316	A	G
3	16862555	0.3794	0.001	0.0163	0.9509	1.00100050016671	0.96952598711658	1.0334967960106	C	G
3	18705035	0.7206	0.0078	0.0173	0.651	1.00783049924647	0.974229867101189	1.04258999801932	A	G
3	43537085	0.8897	0.0001	0.0258	0.9969	1.00010000500017	0.950784353284836	1.05197358007184	T	C
3	44464619	0.3256	0.0228	0.0169	0.1794	1.02306190670327	0.989729109563157	1.05751730936691	T	C
3	49213637	0.7728	-0.0354	0.0203	0.08105	0.965219251329198	0.927569086947179	1.00439764136895	T	C
3	52540773	0.5306	-0.0103	0.0165	0.5307	0.989752863346831	0.958256300247562	1.02228467503962	T	C
3	54424687	0.2519	-0.0234	0.0191	0.2195	0.976871656950343	0.940977547440216	1.01413496714016	T	G
3	61162427	0.4112	0.0044	0.016	0.7818	1.00440969421296	0.973400176752697	1.03640707894107	T	C
3	61850364	0.6426	-0.0012	0.0169	0.9419	0.998800719712086	0.96625838619793	1.03243903695655	T	C
3	65711935	0.0757	-0.0375	0.0316	0.2361	0.963194417720822	0.905347890279373	1.02473700584012	T	C
3	70330440	0.7285	0.0156	0.0181	0.3876	1.01572231521139	0.980320225478324	1.05240287286228	A	C
3	71321319	0.1349	-0.0142	0.0235	0.5455	0.985900344474645	0.941519706634399	1.03237296297258	A	G
3	71536083	0.3229	-0.0148	0.0175	0.4003	0.985308981694536	0.952085916346282	1.01969136686066	C	G
3	71814431	0.8783	-0.0669	0.0249	0.00718	0.935288725533042	0.890738842977357	0.982066749424848	T	C
3	76211681	0.5171	-0.005	0.0162	0.7551	0.995012479192682	0.963915156668039	1.02711304713941	A	C
3	77246944	0.7387	0.0021	0.0184	0.9077	1.00210220654431	0.966606301838019	1.03890159877031	T	G
3	78592839	0.4454	-0.0126	0.0161	0.4323	0.987479047651556	0.956804684299291	1.01913680561142	A	G
3	107545170	0.5026	-0.0162	0.0158	0.3058	0.983930514272508	0.953927124370903	1.01487758570134	A	G
3	107994684	0.1192	0.0087	0.0254	0.7316	1.00873795498962	0.959748507687066	1.06022802191054	A	G
3	110136153	0.3725	0.0045	0.0167	0.7868	1.0045101402046	0.972162798867041	1.03793379354755	T	C
3	114599972	0.765	-0.0018	0.019	0.9231	0.998201619028437	0.961712239887391	1.03607548173419	T	C
3	116018631	0.8783	0.0042	0.0248	0.8657	1.00420883236098	0.956563599896758	1.0542272140615	T	C
3	117623116	0.8308	-0.0153	0.0211	0.469	0.984816450346786	0.944919065622537	1.02639842517589	T	C
3	117834868	0.7312	-0.0241	0.0178	0.1749	0.976188086068199	0.942718081706205	1.01084640029051	A	G
3	132663169	0.5433	0.0039	0.0164	0.8136	1.00390761489615	0.97215113298345	1.03670146035167	A	G
3	142800392	0.7505	0.0127	0.0173	0.4618	1.01278098748386	0.979015308205825	1.04771122577089	A	G
3	144249167	0.4492	0.0171	0.0159	0.2841	1.01724704194337	0.986034436039514	1.04944767294219	T	C
3	152151665	0.1065	0.0054	0.027	0.8421	1.00541460627947	0.953591401113885	1.06005415877211	T	G
3	157406565	0.1569	0.0066	0.024	0.7848	1.00662182799517	0.960366784789875	1.0551046960855	T	C
3	157899163	0.5772	-0.0026	0.0162	0.8745	0.99740337707257	0.966231331341887	1.02958107890601	A	G
3	161722384	0.2415	-0.0059	0.0187	0.7528	0.994117370820596	0.958340630512461	1.03122972719918	A	C
3	165478486	0.2788	0.0129	0.0179	0.4723	1.01298356393833	0.978060255406596	1.04915386872828	A	C
3	167191652	0.3814	0.017	0.0165	0.303	1.01714532232524	0.984777058476615	1.0505774863689	T	C
3	173119768	0.4555	0.0058	0.0167	0.7297	1.00581685256587	0.973427432339223	1.03928398491339	A	G
3	175948250	0.6438	0.0082	0.0166	0.622	1.00823371208336	0.975957732862635	1.04157709289288	A	G
3	178280719	0.4522	-0.0119	0.0159	0.4541	0.98817052497374	0.957850085699827	1.01945074809221	T	C
3	184924892	0.332	0.0166	0.017	0.3289	1.01673854555709	0.983419003409437	1.05118699805229	C	G
3	185822774	0.1639	0.0132	0.0215	0.537	1.01328750459633	0.971474751203057	1.05689989955945	A	G
3	190558711	0.381	0.0156	0.0171	0.3623	1.01572231521139	0.98224353735018	1.05034218336687	A	T
3	193413502	0.513	0.0237	0.0159	0.1349	1.02398307688371	0.992563786472278	1.05639693492234	T	C
4	3186244	0.5063	0.0089	0.016	0.5766	1.00893972275673	0.977790348025036	1.04108142017613	A	G
4	16832297	0.7652	0.0196	0.0191	0.3047	1.01979334109597	0.982322119976431	1.05869392269069	A	G
4	17259101	0.6487	0.0019	0.0171	0.9129	1.00190180614371	0.96887856002191	1.03605061622101	A	G
4	21866646	0.4045	0.0069	0.017	0.6854	1.00692385984608	0.973925954795439	1.04103977775218	T	C
4	28296275	0.68	0.0249	0.0184	0.1754	1.02521259413878	0.988898086189805	1.06286065051503	A	G
4	39978704	0.7412	-0.0146	0.0182	0.4244	0.985506063198368	0.950970725281938	1.02129558227232	C	G
4	42086277	0.8217	-0.0199	0.0209	0.3413	0.980296698075243	0.940951200437747	1.02128741194034	A	C
4	47276305	0.6454	0.0194	0.0169	0.251	1.01958940282226	0.986369744747017	1.05392785604355	T	G
4	56455791	0.3595	0.0079	0.0165	0.6316	1.00793128733572	0.975856238536213	1.04106059875594	A	T
4	62080215	0.8103	-0.0739	0.0203	0.0002652	0.928764565654185	0.89253638379714	0.966463254691097	A	G
4	67107517	0.2842	-0.0077	0.0192	0.6879	0.992329569057412	0.955680143350234	1.03038446542756	A	T
4	80217741	0.4695	-0.0231	0.0162	0.1551	0.977164762411049	0.946625238121798	1.00868953672983	T	C
4	90917853	0.3912	0.0073	0.0164	0.6568	1.00732670995467	0.975462072242797	1.04023224424817	A	T
4	97634673	0.3932	-0.0137	0.0163	0.4011	0.986393417904968	0.955378196135108	1.01841551212107	A	G
4	101508622	0.4492	0.0179	0.0166	0.2826	1.0180611651828	0.985470585618693	1.05172955050978	T	C
4	102319286	0.5328	0.0076	0.0163	0.6414	1.00762895330189	0.975946021440109	1.04034043402734	A	G
4	113427134	0.5069	0.0251	0.0159	0.1135	1.02541765716323	0.993954348939941	1.05787692638353	A	G
4	115522306	0.1392	0.0183	0.0233	0.4316	1.01846847110463	0.973003110487608	1.06605828435058	A	G
4	119000833	0.0835	0.0434	0.0287	0.1298	1.04435555353472	0.987230234283349	1.1047863855087	T	G
4	123388893	0.9497	0.0079	0.0372	0.8318	1.00793128733572	0.937056218635312	1.08416705400001	C	G
4	138600529	0.179	0.0048	0.0211	0.8186	1.00481153845414	0.964104102554837	1.04723776730651	A	G
4	140910848	0.4519	0.0086	0.0161	0.5939	1.00863708623765	0.977305484268567	1.04097315333841	T	C
4	143500223	0.298	0.0133	0.0174	0.4453	1.0133888384134	0.979410910296582	1.04854553591798	A	G
4	164215095	0.2534	0.0347	0.0184	0.05946	1.03530906948521	0.998636929825191	1.07332789059379	T	C
4	164483890	0.4207	0.0102	0.0163	0.5305	1.01025219731993	0.978486782654136	1.04304883855596	T	C
4	176731401	0.0605	-0.0646	0.0366	0.07782	0.937442365338148	0.872549406628906	1.00716152192002	A	G
4	183719751	0.1715	0.0027	0.0242	0.9124	1.00270364828272	0.95625372349308	1.05140987331982	C	G
5	3416705	0.2986	0.0105	0.0176	0.5494	1.01055531844503	0.976289614908559	1.04602367580565	T	C
5	7418682	0.2145	-0.0137	0.0203	0.4974	0.986393417904968	0.947917315943345	1.02643127045102	T	C
5	20143940	0.5492	-0.019	0.0171	0.2667	0.981179362242806	0.948839139508117	1.01462186877143	A	G
5	24192081	0.585	-0.0171	0.0161	0.2892	0.983045375182001	0.952508736352235	1.01456099328558	A	G
5	27070974	0.3847	0.0041	0.0168	0.8079	1.00410841649862	0.971583562468509	1.03772207664952	A	G
5	29264189	0.6689	-0.0165	0.0169	0.3293	0.983635379390672	0.95158715401326	1.016762947575	T	C
5	30148789	0.5461	0.0024	0.0175	0.891	1.00240288230538	0.9686034375801	1.03738175962342	T	C
5	30842054	0.4672	-0.0191	0.0159	0.229	0.981081249212315	0.950978333078172	1.01213706356533	T	G
5	31062973	0.6552	0.013	0.0178	0.4651	1.01308486735981	0.978349804093288	1.04905315479123	A	T
5	51693979	0.0405	0.0261	0.0458	0.5687	1.02644358770017	0.938316468891627	1.12284764646124	A	G
5	53318932	0.9355	0.0124	0.0338	0.7143	1.0124771987582	0.947576127127277	1.0818234531858	C	G
5	61514611	0.4835	0.0068	0.0159	0.6663	1.00682317249454	0.975930406428686	1.0386938392272	T	C
5	77044431	0.8403	-0.0049	0.0224	0.8257	0.99511198541583	0.952367775490616	1.03977464274041	A	G
5	77657957	0.7841	-0.006	0.0192	0.7543	0.994017964053935	0.957306181334612	1.03213760876842	T	G
5	88036486	0.583	-0.0013	0.0163	0.9371	0.998700844633952	0.96729863977754	1.03112248488425	T	C
5	92519387	0.4143	0.0035	0.016	0.8254	1.00350613215209	0.97252451070245	1.03547473218899	A	G
5	93094118	0.0875	0.0336	0.0281	0.2324	1.03417085564116	0.978752967258483	1.0927265555611	T	C
5	102956594	0.4596	-0.024	0.0153	0.1167	0.976285709757909	0.947443475755292	1.00600596391007	A	G
5	103991476	0.6013	0.0111	0.0161	0.4917	1.01116183357244	0.979751804605535	1.04357884197542	A	C
5	105187383	0.9055	-0.0261	0.0273	0.3376	0.974237660971301	0.923478278928563	1.02778705434852	T	C
5	106985611	0.136	-0.0034	0.0251	0.8916	0.996605773454898	0.948763235413161	1.04686082956314	C	G
5	111100771	0.7346	-0.0259	0.0183	0.1559	0.974432527989548	0.940100964916909	1.01001784599596	T	G
5	117412944	0.0824	-0.0318	0.0295	0.2812	0.968700302767036	0.914278545115822	1.02636147549768	A	G
5	120084621	0.2891	-0.0014	0.0178	0.9351	0.998600979542827	0.964362517080322	1.03405503499141	C	G
5	122321622	0.6692	0.0147	0.0169	0.3836	1.01480857637185	0.981744684352595	1.04898601753774	T	C
5	124262051	0.5413	-0.0354	0.0162	0.02865	0.965219251329198	0.935053062469001	0.996358645868168	T	C
5	124980248	0.6424	-0.0037	0.017	0.8297	0.996306836565637	0.96365686201908	1.03006303562001	A	G
5	137757377	0.8081	-0.0457	0.0203	0.02421	0.955328517760558	0.918064159757976	0.994105441483722	A	C
5	140126139	0.5208	0.0015	0.0159	0.9269	1.00150112556271	0.970771658033626	1.03320332459545	T	G
5	143877756	0.692	0.0043	0.0176	0.8051	1.00430925826542	0.970255344863033	1.03955839210557	T	C
5	148747902	0.1985	-0.0441	0.0205	0.03116	0.95685826686191	0.91917385138176	0.99608767317045	C	G
5	152552519	0.3883	-0.0144	0.0165	0.3855	0.985703184122443	0.954335492564694	1.01810188844387	A	C
5	153215007	0.1678	0.0036	0.0212	0.8666	1.003606487783	0.962759152221425	1.04618686822775	T	C
5	155119877	0.5351	0.0116	0.0162	0.4731	1.01166754090552	0.980049694431094	1.04430542567123	A	G
5	161010597	0.9116	-0.0192	0.0291	0.5088	0.980983145992636	0.926597503742582	1.0385608949244	A	G
5	164523472	0.469	0.0029	0.016	0.8589	1.00290420906778	0.971941171015435	1.03485363369786	A	C
5	166877976	0.707	0.0494	0.0186	0.007931	1.05064052290916	1.01302813619572	1.08964940749242	T	C
5	166989513	0.3545	0.023	0.0169	0.1749	1.02326653954722	0.989927075180972	1.05772883398054	A	G
5	167166468	0.8488	-0.0234	0.0235	0.3186	0.976871656950343	0.932897448536189	1.02291868806187	C	G
5	170840142	0.645	0.0198	0.0167	0.235	1.01999732016142	0.987151259023659	1.05393628750013	A	G
5	175850820	0.272	-0.001	0.02	0.9601	0.999000499833375	0.960597300479	1.03893899990108	T	C
6	4426142	0.3341	-0.0049	0.0171	0.7755	0.99511198541583	0.962312535597864	1.02902937131855	T	C
6	5419000	0.5012	0.0284	0.0161	0.07733	1.02880712497782	0.996848974932994	1.06178982676515	T	G
6	17028673	0.2556	0.0186	0.0185	0.3139	1.01877405748162	0.982495023884645	1.05639270934305	T	G
6	19327938	0.0866	0.0397	0.0283	0.1601	1.04049857779193	0.984355664080421	1.09984361333302	T	G
6	19780879	0.7403	0.0302	0.0184	0.1009	1.03066064547077	0.994153159690142	1.06850876624817	A	G
6	37660117	0.6499	-0.0271	0.0173	0.1167	0.973263910266828	0.940815713220198	1.00683122711214	A	G
6	39995063	0.7409	0.0365	0.0183	0.04543	1.03717430401775	1.00063219975408	1.07505089000642	T	C
6	50807358	0.1066	0.0413	0.0257	0.1077	1.04216470806518	0.990969026434327	1.09600527338838	T	C
6	53131343	0.9308	-0.0151	0.0322	0.639	0.985013433334498	0.924768354869444	1.04918324544787	T	G
6	65107133	0.2992	0.0206	0.0174	0.2365	1.02081364450375	0.98658676996276	1.05622792493392	A	G
6	66565353	0.6302	0.0009	0.0164	0.9579	1.00090040512153	0.969239049893197	1.03359601646552	A	G
6	76465003	0.8295	-0.0455	0.0213	0.03264	0.955519602571954	0.916449787900759	0.996255029957119	C	G
6	92648832	0.2849	0.0207	0.0185	0.2634	1.02091573097243	0.984560431353607	1.05861346501	T	C
6	94122191	0.5442	0.0284	0.0162	0.07914	1.02880712497782	0.996653611680132	1.06199795796739	T	C
6	99596909	0.4212	0.0266	0.0159	0.09489	1.02695693782085	0.995446399221303	1.05946493247992	T	C
6	100109753	0.2198	0.0013	0.0198	0.9463	1.00130084536629	0.963186712196302	1.04092318782623	C	G
6	100679643	0.4466	-0.0348	0.0162	0.03173	0.965798556654214	0.935614262649701	0.99695664043612	T	G
6	100983589	0.5182	-0.0084	0.0164	0.6086	0.991635181423098	0.96026691183774	1.02402813313032	T	C
6	105369510	0.4621	-0.002	0.0157	0.8971	0.998001998667333	0.967759183530792	1.02918991242236	A	G
6	117080407	0.7918	-0.0307	0.0206	0.1371	0.969766459378713	0.931391103713784	1.00972296383982	T	C
6	117823289	0.2485	-0.0168	0.0183	0.3611	0.983340333036021	0.948694926919346	1.01925095532592	T	C
6	124292594	0.3938	0.0055	0.0169	0.746	1.00551515276734	0.972754053571969	1.03937960343839	A	G
6	142987461	0.5138	0.0127	0.0159	0.4243	1.01278098748386	0.981705415350607	1.04484024695174	T	G
6	143150043	0.747	-0.0357	0.0181	0.0485	0.964929728984322	0.931297969260213	0.999776025086127	A	G
6	147973296	0.6692	0.0177	0.017	0.299	1.01785757330963	0.9845013594999	1.05234393995154	T	C
6	152263360	0.3285	0.0116	0.0168	0.4882	1.01166754090552	0.978897833417469	1.04553425125965	A	G
6	157155257	0.175	-0.0093	0.0212	0.6593	0.99074311125161	0.950419322183631	1.03277773250371	T	C
6	162969924	0.7942	0.0122	0.0199	0.5403	1.01227472356665	0.97355203902522	1.05253758905166	T	G
6	163558679	0.1968	-0.0106	0.0207	0.6094	0.989455982022252	0.950115236656812	1.0304256816305	A	G
6	164709971	0.9488	-0.0131	0.0411	0.7502	0.986985431542042	0.910595953376765	1.06978318810206	A	G
6	164913801	0.8943	0.0446	0.0289	0.1223	1.04560953243583	0.988028238663004	1.10654660619834	C	G
6	165081297	0.2286	0.0262	0.0194	0.1775	1.02654623719132	0.988245628787547	1.06633123020695	A	G
7	1937261	0.1907	-0.0101	0.0209	0.6278	0.989950833715877	0.950217854643642	1.03134523139674	A	G
7	2760750	0.7334	-0.0064	0.0179	0.7209	0.993620436379149	0.959364685053635	1.02909934769497	A	C
7	3521803	0.2342	-0.0437	0.0189	0.02062	0.957241086727523	0.92242980325064	0.993366102103612	T	C
7	4150203	0.1236	0.0123	0.0248	0.6202	1.01237595610055	0.964343230022851	1.06280113198514	C	G
7	6524843	0.7362	-0.0035	0.0183	0.85	0.996506117860415	0.961396849999477	1.03289754166947	C	G
7	6692096	0.0371	0.0696	0.0446	0.1181	1.07207926377093	0.982341766615296	1.1700143339805	T	C
7	8680443	0.7141	-0.0233	0.0181	0.1978	0.97696934900056	0.942917959125784	1.01225042926481	C	G
7	12263538	0.5902	-0.0155	0.0161	0.3369	0.984619506751733	0.954033970192087	1.0161855902058	T	C
7	13953869	0.7549	0.0122	0.0188	0.5165	1.01227472356665	0.975653281546856	1.05027076252674	C	G
7	14835477	0.9731	0.0002	0.0616	0.9968	1.00020002000133	0.886445174744664	1.12855268268433	T	C
7	16813427	0.4597	0.0262	0.0161	0.1036	1.02654623719132	0.994658317794559	1.05945645679436	T	C
7	21492589	0.5763	-0.0213	0.0159	0.1785	0.978925242940536	0.948888480426224	1.00991280960197	A	G
7	21911656	0.2723	-0.0057	0.0187	0.7619	0.994316214178433	0.958532317806654	1.03143599377059	A	G
7	24428024	0.479	0.0048	0.0161	0.7655	1.00481153845414	0.973598770644643	1.03702496167088	T	C
7	29836717	0.6675	-0.0029	0.0168	0.8621	0.997104200938112	0.964806225883379	1.03048338708441	T	C
7	32829130	0.6468	-0.0354	0.0166	0.03322	0.965219251329198	0.934320268160929	0.997140097335477	T	G
7	48653581	0.6257	0.0173	0.0167	0.3001	1.01745051169806	0.984686463154684	1.05130473758936	T	C
7	53794695	0.1525	0.0141	0.0223	0.5255	1.01419987385505	0.970826022768674	1.05951154996253	T	C
7	68406045	0.5885	-0.0221	0.0171	0.1976	0.978142415918743	0.945902292640212	1.01148141120245	T	C
7	70209943	0.0749	0.0562	0.0312	0.07189	1.05780922442672	0.995060240937956	1.12451518937941	T	C
7	71369043	0.7326	-0.0093	0.0184	0.6146	0.99074311125161	0.95564956207495	1.02712537256993	T	G
7	73973096	0.1652	-0.0178	0.0241	0.4598	0.982357484209303	0.937033729555934	1.02987352145729	T	C
7	75189471	0.5671	-0.0166	0.0177	0.349	0.983537020770746	0.950001229668969	1.01825665169262	A	G
7	75794223	0.2956	0.0129	0.0174	0.4593	1.01298356393833	0.97901922427489	1.04812620157608	T	G
7	78120735	0.5153	0.0166	0.0159	0.2968	1.01673854555709	0.985541542055259	1.04892308026482	T	C
7	82450364	0.5376	0.0156	0.016	0.3285	1.01572231521139	0.984363538957233	1.04808008503778	A	G
7	84405422	0.5105	0.0226	0.0162	0.1619	1.02285731478181	0.990889752083229	1.05585619813209	A	G
7	104581402	0.4011	0.0045	0.0165	0.7859	1.0045101402046	0.97254396138717	1.03752700323659	A	C
7	108213926	0.6715	0.0128	0.0176	0.4693	1.01288227064668	0.978537665289771	1.048432299115	A	G
7	109104776	0.6257	0.0091	0.0165	0.5813	1.00914153088142	0.97702796892008	1.042310621338	A	G
7	109996728	0.2199	0.0122	0.0196	0.5321	1.01227472356665	0.974124655957046	1.05191887886792	T	C
7	110156436	0.4493	0.0017	0.016	0.9169	1.00170144581918	0.970775541128024	1.03361255413409	A	G
7	111230244	0.5288	0.0128	0.0157	0.4165	1.01288227064668	0.982188533252217	1.04453519813892	T	C
7	111391927	0.943	0.005	0.0354	0.8878	1.0050125208594	0.937644874759291	1.07722037871051	A	G
7	114059156	0.4395	-0.0098	0.0161	0.5425	0.990247863518235	0.959487491592773	1.02199438741471	T	C
7	114672684	0.7535	0.0013	0.0187	0.9452	1.00130084536629	0.965265582965212	1.03868137497592	A	C
7	115082406	0.5023	0.031	0.0162	0.05608	1.03148550388652	0.999248282681137	1.06476274532417	A	G
7	117628555	0.4308	0.0066	0.016	0.6809	1.00662182799517	0.975544014498392	1.03868968446016	T	C
7	121982909	0.8482	-0.0267	0.0219	0.2218	0.97365329370243	0.932744465899549	1.01635632372617	T	G
7	126396962	0.4125	0.0188	0.016	0.2401	1.01897783266996	0.987518547603456	1.05143931320843	A	G
7	132568255	0.2433	0.0174	0.0185	0.3486	1.01755226183665	0.981316736969526	1.05512579839044	T	C
7	133770621	0.2577	-0.0225	0.0192	0.2412	0.977751237193336	0.941640228870107	1.0152470683843	A	G
7	135119417	0.4072	0.0093	0.0167	0.5757	1.00934337937177	0.976840397557474	1.04292785190805	A	G
7	140176596	0.7172	-0.0255	0.0199	0.1998	0.974822378965741	0.937532364125093	1.01359559082446	T	C
7	140651989	0.1667	-0.015	0.0217	0.4898	0.985111939603063	0.944091678969315	1.02791450784522	A	G
7	144633224	0.4484	0.0016	0.0161	0.9207	1.00160128068294	0.970488234091389	1.03371178570232	A	G
7	153473086	0.4917	-0.0157	0.018	0.3846	0.98442260254146	0.950297676295895	1.01977294543311	A	G
7	157505749	0.3327	-0.022	0.0184	0.2324	0.97824023505121	0.943589555772716	1.01416336331678	T	G
8	4508910	0.8008	0.0148	0.0209	0.4777	1.0149100623037	0.974175311756196	1.05734812013291	C	G
8	4792627	0.3465	-0.0306	0.0171	0.07427	0.969863440873644	0.937896197261438	1.0029202556635	T	C
8	13961133	0.4613	-0.0101	0.0163	0.5361	0.989950833715877	0.958823755927617	1.02208841522356	T	G
8	14218081	0.7127	0.0038	0.0176	0.8273	1.00380722915403	0.969770338452308	1.03903874283266	T	C
8	14628926	0.3954	0.0161	0.0165	0.3297	1.01623030335545	0.983891157839071	1.04963239198743	A	G
8	14976574	0.7869	-0.006	0.0195	0.7573	0.994017964053935	0.95674345075899	1.03274468414504	C	G
8	20681098	0.8317	-0.0187	0.0219	0.3919	0.981473760208966	0.940236349203292	1.02451978462114	A	G
8	22359156	0.4569	-0.0044	0.016	0.7813	0.99560966581827	0.964871834937422	1.02732670887326	A	G
8	34514573	0.7331	-0.0001	0.0177	0.9949	0.999900004999833	0.965806283073573	1.03519726214341	A	T
8	38025511	0.2377	0.0182	0.0188	0.3328	1.01836662934969	0.981524798171472	1.05659132984215	A	G
8	52811758	0.6732	0.0041	0.0169	0.8072	1.00410841649862	0.971393150751223	1.03792549011041	T	C
8	60720695	0.4424	0.0237	0.0158	0.1334	1.02398307688371	0.992758348040837	1.05618990141304	A	G
8	61791482	0.6664	-0.025	0.0169	0.1378	0.975309912028333	0.943532942097797	1.00815708923295	A	G
8	64717459	0.5413	-0.0111	0.016	0.4869	0.988961377692628	0.95842880190629	1.02046662686096	T	G
8	65543401	0.7006	0.0066	0.0173	0.7006	1.00662182799517	0.973061492425678	1.04133964038632	C	G
8	73889320	0.5524	0.0338	0.016	0.03412	1.03437771049709	1.00244297922261	1.06732978348846	A	C
8	77632017	0.8428	-0.0353	0.0216	0.1018	0.965315778080588	0.92530117487928	1.00706081080347	A	G
8	87677567	0.5437	-0.027	0.0159	0.08935	0.973361241524337	0.94349520153493	1.00417268149373	T	C
8	92687716	0.5484	0.0056	0.0159	0.7257	1.00561570931036	0.974759992329881	1.03744815418064	A	G
8	94583638	0.3372	-0.0149	0.0171	0.3819	0.985210455722747	0.952737365883406	1.01879035799695	A	G
8	129800770	0.3065	-0.0438	0.0175	0.01264	0.957145367404896	0.924871934725553	0.9905449824429	A	G
8	132855371	0.8081	-0.0062	0.0203	0.7608	0.993819180340158	0.955053422763024	1.03415844566535	T	G
8	143356114	0.0223	0.0799	0.0639	0.2112	1.08317874438445	0.955668675257323	1.22770184130012	A	G
9	2977388	0.6104	-0.0168	0.0165	0.3083	0.983340333036021	0.952047833671287	1.01566137370074	A	G
9	8436261	0.0595	-0.0119	0.0359	0.7404	0.98817052497374	0.921028775000913	1.06020681756214	A	T
9	10536719	0.2258	0.0089	0.0192	0.6438	1.00893972275673	0.971676838967707	1.04763160274344	A	G
9	11274206	0.6098	-0.0102	0.0164	0.5327	0.989851843582095	0.95853998609587	1.02218654042136	T	C
9	13704356	0.33	-0.0024	0.0171	0.8887	0.997602877697382	0.964721326671122	1.03160516314508	A	G
9	14066897	0.307	0.0033	0.0177	0.8526	1.00330545099444	0.969095613128395	1.03872292306187	T	C
9	14620925	0.7023	-0.0081	0.0178	0.6503	0.991932716605571	0.957922885072681	1.02715002387468	C	G
9	17024177	0.5112	-0.0179	0.0161	0.2671	0.982259253372505	0.951747034084684	1.01374966906392	T	G
9	22731935	0.5523	-0.017	0.0159	0.2856	0.98314368463491	0.952977485953467	1.0142647847241	A	G
9	23740210	0.2714	0.0377	0.0183	0.03981	1.03841966024687	1.00183367913724	1.07634172542077	A	C
9	24190705	0.9615	0.032	0.0456	0.4834	1.03251750530512	0.944238968759539	1.12904935512463	A	G
9	26722558	0.1669	-0.0082	0.0218	0.7055	0.991833528293409	0.950347093059887	1.03513101163867	A	G
9	27878045	0.6574	0.0017	0.0171	0.9208	1.00170144581918	0.968684803686185	1.0358434268174	A	C
9	28108007	0.4512	0.0007	0.0161	0.9669	1.00070024505718	0.969615187610554	1.0327818636229	T	C
9	31246469	0.6499	0.0287	0.0176	0.1033	1.02911581341626	0.994220764403535	1.06523560495017	A	G
9	32349944	0.2095	-0.0179	0.0196	0.3609	0.982259253372505	0.945240392727361	1.02072789975894	T	G
9	37005561	0.3721	-0.0117	0.0163	0.473	0.988368178843463	0.957290864558246	1.02045438133491	A	G
9	37315476	0.3891	0.0534	0.0162	0.0009758	1.05485150134302	1.02188401798092	1.08888256427003	T	C
9	81294157	0.3549	0.0215	0.0177	0.2233	1.02173279033738	0.986894633059134	1.05780076198678	T	G
9	82820997	0.1684	0.0097	0.0213	0.6501	1.00974719748176	0.96846009487896	1.05279443955787	T	C
9	91926088	0.0833	0.0336	0.03	0.2617	1.03417085564116	0.975114869550825	1.09680345573053	T	C
9	96225478	0.8398	-0.0305	0.0225	0.1755	0.96996043206721	0.92811465795246	1.01369290067198	A	T
9	98270171	0.6565	-0.0348	0.0166	0.036	0.965798556654214	0.934881028533114	0.997738560914998	A	G
9	100742225	0.5713	-0.0326	0.0165	0.04879	0.967925652426274	0.937123689111961	0.999740033797071	T	C
9	102175261	0.3466	-0.0033	0.0155	0.8335	0.996705439015438	0.966880857012731	1.02744999547538	C	G
9	108904396	0.9812	0.0643	0.0784	0.4121	1.06641227446009	0.914512630385008	1.24354229929046	C	G
9	114952087	0.7714	0.0252	0.0202	0.2129	1.0255202040562	0.985711069779459	1.0669370783903	C	G
9	119731359	0.7163	0.0124	0.018	0.4892	1.0124771987582	0.977379762307901	1.04883497442657	T	C
9	120515918	0.3389	-0.0092	0.017	0.5896	0.990842190516615	0.958371297903313	1.02441324010395	T	C
9	122673299	0.3846	-0.0028	0.0168	0.8665	0.997203916343893	0.96490271133016	1.03058644057571	T	G
9	125647367	0.1324	-0.0388	0.0266	0.145	0.961943078524493	0.913076145902664	1.01342532106826	T	C
9	126584407	0.8372	0.0006	0.022	0.9787	1.00060018003601	0.958371297903313	1.04468980078856	A	G
9	127997592	0.5441	0.0185	0.0161	0.2521	1.01867218516958	0.987028859856446	1.05132996920584	A	G
9	129656760	0.2745	-0.0102	0.0186	0.583	0.989851843582095	0.954415660113059	1.02660372539026	A	G
9	132969084	0.4381	0.009	0.0171	0.598	1.00904062177387	0.975782076280286	1.04343275116414	A	C
9	136930134	0.826	0.0066	0.0225	0.7698	1.00662182799517	0.963194417720822	1.05200724376501	T	C
9	137946850	0.1419	-0.0127	0.0229	0.5781	0.987380304684022	0.944042587478399	1.03270750600562	A	G
9	140265782	0.1271	0.0939	0.0332	0.004645	1.0984498954352	1.02924754867126	1.17230512167776	T	C
10	1803525	0.5765	-0.0264	0.0165	0.1083	0.973945433509321	0.942951904783331	1.0059576767827	T	C
10	5945672	0.5304	-0.0096	0.0165	0.5608	0.990445932897216	0.958927314485319	1.02300052483035	T	G
10	7450208	0.1626	0.033	0.023	0.1523	1.03355053924131	0.987992670286647	1.08120915194246	A	G
10	12756713	0.5599	0.0273	0.016	0.08809	1.02767605934049	0.995948230657409	1.06041463846417	A	C
10	18549016	0.5452	0.0289	0.0159	0.06996	1.02932165716263	0.997738560914998	1.06190450625903	A	G
10	22032942	0.2901	-0.0187	0.0177	0.2923	0.981473760208966	0.948008320373818	1.01612055640913	A	G
10	63646409	0.3288	-0.0009	0.0169	0.9593	0.999100404878527	0.966548307199766	1.03274881513204	A	G
10	67769960	0.4714	-0.0008	0.0161	0.9579	0.999200319914684	0.96816185510102	1.03123385212634	A	G
10	72884713	0.2544	0.0097	0.0192	0.6113	1.00974719748176	0.972454491458402	1.04847004335716	A	G
10	76848524	0.4064	-0.0013	0.0161	0.9352	0.998700844633952	0.967677895173534	1.03071836408302	T	C
10	77617557	0.6758	-0.0087	0.0169	0.6071	0.991337735487793	0.959038556505712	1.02472470906983	A	G
10	81010850	0.3695	-0.0149	0.0172	0.3858	0.985210455722747	0.952550647658676	1.01899006047732	T	G
10	92803991	0.822	0.0074	0.022	0.7367	1.00742744766246	0.964910430582727	1.05181789950263	T	C
10	99090390	0.6039	0.0174	0.0162	0.2835	1.01755226183665	0.985750499010829	1.0503799963661	A	G
10	99839373	0.8271	-0.0128	0.0211	0.5431	0.987281571590291	0.947284318620938	1.02896763140849	A	G
10	104420754	0.224	-0.0532	0.0193	0.005784	0.948190355446138	0.91299214676126	0.984745546114944	T	C
10	106559287	0.2154	0.0025	0.0198	0.9007	1.0025031276058	0.964343230022851	1.04217304541619	T	C
10	106614571	0.3873	-0.0308	0.0163	0.05919	0.969669487581445	0.939180117260341	1.00114865920423	A	G
10	110119994	0.4846	0.0079	0.0162	0.6252	1.00793128733572	0.976430210735762	1.04044863505883	T	G
10	118914837	0.5772	0.0016	0.0172	0.9236	1.00160128068294	0.968398115416251	1.03594287255969	T	C
10	120159905	0.6029	-0.03	0.0161	0.06175	0.970445533548508	0.940300287448913	1.00155721119613	A	G
10	125426627	0.6359	0.0487	0.0172	0.004638	1.04990533189	1.01510088333203	1.08590310976066	T	G
10	134954751	0.5911	0.0093	0.0178	0.6022	1.00934337937177	0.974736598370794	1.04517883003925	T	C
11	371325	0.898	-0.0407	0.0334	0.2231	0.960117121883414	0.899277154528441	1.02507317470671	C	G
11	15714739	0.5405	-0.0235	0.0159	0.1382	0.976773974668844	0.946803220396374	1.00769344361857	A	G
11	16377044	0.6994	-0.0003	0.0181	0.985	0.9997000449955	0.964856397111566	1.03580199390899	T	C
11	20262014	0.4266	-0.0287	0.0164	0.08055	0.971707933124057	0.940970019649947	1.00344993738216	T	C
11	24579950	0.6112	0.0084	0.0162	0.6058	1.0084353789918	0.976918547915251	1.04096898945412	A	G
11	28591587	0.5997	0.0073	0.0165	0.6576	1.00732670995467	0.975270900412089	1.04043614975012	T	C
11	29710982	0.6456	0.0079	0.0167	0.6368	1.00793128733572	0.975473777857898	1.04146877450788	A	C
11	30602310	0.3999	0.0103	0.0164	0.5284	1.0103532275911	0.978392852431724	1.04335762671057	A	G
11	31835468	0.8201	-0.003	0.0209	0.8842	0.997004495503373	0.956988408435629	1.0386938392272	A	C
11	32927778	0.0399	-0.0861	0.0445	0.05312	0.917502476384847	0.840868493869525	1.00112062743422	T	G
11	38830472	0.6093	-0.0229	0.0171	0.1791	0.97736021490813	0.945145873414132	1.01067254966124	T	G
11	46077264	0.1784	0.0324	0.0208	0.1191	1.03293059491966	0.991666914256627	1.07591127482646	A	G
11	46327578	0.0506	0.0429	0.0389	0.2701	1.04383350628064	0.967205783565291	1.12653212723535	A	G
11	46447246	0.0958	0.052	0.0317	0.1008	1.05337574251336	0.989919155796048	1.12090007392906	T	C
11	48239731	0.0861	0.0212	0.0291	0.4673	1.02142631647366	0.964798507464446	1.081377833727	T	C
11	57435296	0.327	0.0188	0.0167	0.2587	1.01897783266996	0.986164601175781	1.05288287800516	A	G
11	61251070	0.8738	0.053	0.0265	0.04512	1.05442964511936	1.00106056199856	1.11064396971832	T	G
11	61571348	0.6912	0.0385	0.0172	0.02539	1.03925072835798	1.00479948078802	1.07488319514812	C	G
11	63680719	0.5633	0.0022	0.0166	0.8947	1.00220242177564	0.970119518622811	1.0353463412826	T	C
11	63859751	0.7475	-0.0046	0.019	0.8102	0.995410563795972	0.959023212011564	1.03317852801322	A	G
11	70542984	0.4635	-0.0349	0.016	0.02883	0.96570198162738	0.935887501905384	0.996466258412895	A	G
11	73311373	0.8091	-0.0006	0.0229	0.9802	0.999400179964005	0.955534891007903	1.04527917202327	A	T
11	73525881	0.4326	-0.0047	0.0165	0.7745	0.99531102771648	0.96363758907457	1.02802552860708	A	G
11	83335034	0.354	0.0158	0.0166	0.3392	1.01592547999023	0.98340326883126	1.04952323589488	T	C
11	85589298	0.2974	0.0033	0.0174	0.8489	1.00330545099444	0.969665608911252	1.03811233351403	A	T
11	88726033	0.5197	0.0056	0.0163	0.7322	1.00561570931036	0.973996079988661	1.03826183245372	T	C
11	112842749	0.8795	-0.0525	0.0245	0.0317	0.948854321055801	0.904367024891398	0.995530020230871	T	G
11	113304457	0.6075	-0.0176	0.0163	0.2792	0.982553975354604	0.951659477385218	1.01445142661502	A	G
11	113344912	0.6299	0.0253	0.0164	0.1217	1.02562276120438	0.993179366830082	1.05912595794035	T	C
11	113445451	0.0215	0.1394	0.0664	0.03578	1.14958384158579	1.00929896924011	1.3093672431174	T	C
11	126702154	0.5756	0.0046	0.0163	0.7767	1.00461059624134	0.97302257074442	1.03722408957919	T	C
11	127028030	0.9221	-0.0339	0.0304	0.2644	0.966668166620989	0.910752589351053	1.02601667597148	C	G
11	131197431	0.2078	0.013	0.0205	0.5282	1.01308486735981	0.973186052268368	1.05461945953826	A	T
11	131641026	0.5072	0.0122	0.0192	0.5232	1.01227472356665	0.974888669141351	1.05109449766654	A	C
11	133370326	0.1962	0.0127	0.021	0.5446	1.01278098748386	0.971941171015435	1.05533684465404	T	G
11	133745999	0.4467	0.0004	0.0169	0.9798	1.00040008001067	0.967805637086478	1.03409226164274	A	G
11	133834104	0.5812	0.002	0.0185	0.9133	1.002002001334	0.966320228713587	1.0390013381112	T	C
11	134326336	0.2918	-0.0186	0.0193	0.3368	0.981571912492519	0.945134531731702	1.01941404852588	T	C
11	134773360	0.3976	-0.0384	0.0173	0.02599	0.96232793272161	0.930244336427706	0.995518073942306	T	C
12	2314825	0.3745	0.017	0.0163	0.2977	1.01714532232524	0.985163166755816	1.05016574070166	A	G
12	11939528	0.1524	-0.02	0.024	0.4056	0.980198673306755	0.935157794276869	1.02740889829751	A	G
12	16756508	0.553	-0.0198	0.0176	0.2606	0.980394732646697	0.947151708099285	1.01480451714567	A	C
12	22473517	0.506	0.013	0.0159	0.415	1.01308486735981	0.981999971156373	1.04515374604834	A	G
12	22890730	0.4578	0.0072	0.0166	0.6666	1.00722598232014	0.97498226294602	1.04053603641498	A	C
12	24169797	0.7947	0.012	0.02	0.5472	1.01207228886608	0.973166588741959	1.05253337890972	T	C
12	33440641	0.4925	-0.0247	0.016	0.1228	0.975602548895276	0.945482405244179	1.0066822271168	T	C
12	39168233	0.5894	0.0161	0.0161	0.3174	1.01623030335545	0.984662830963156	1.04880980268925	T	C
12	40378739	0.1153	0.0486	0.0247	0.0489	1.04980034660616	1.00018801767311	1.10187359602483	A	C
12	43466513	0.3154	0.0159	0.0172	0.354	1.01602707761803	0.982345695990222	1.05086328231167	A	C
12	53780633	0.0396	0.0124	0.049	0.7997	1.0124771987582	0.919762310933614	1.11453803425008	A	G
12	54753185	0.5077	0.0224	0.0167	0.1781	1.02265276377463	0.989721191761952	1.05668008724162	T	C
12	56040943	0.5717	-0.0325	0.0158	0.04007	0.968022449831306	0.938504150952986	0.998469172912956	A	C
12	57979190	0.7105	0.0094	0.018	0.6002	1.00944431875659	0.974452016834996	1.04569318454446	C	G
12	60791165	0.3836	-0.0064	0.0164	0.6948	0.993620436379149	0.962189367476236	1.0260782388189	A	T
12	62561299	0.1013	0.0404	0.026	0.1203	1.04122718177803	0.989495561053108	1.09566337308231	A	G
12	74538047	0.5867	-0.0274	0.0163	0.09292	0.972971974886245	0.942378764277592	1.00455835784855	A	G
12	77840997	0.6847	0.0019	0.0181	0.9157	1.00190180614371	0.966981417850933	1.03808326677563	A	G
12	84585161	0.2711	0.012	0.0177	0.4991	1.01207228886608	0.977563526976553	1.04779923721028	A	C
12	92758273	0.5057	-0.0153	0.016	0.3386	0.984816450346786	0.954411842458054	1.01618965495629	A	G
12	103535020	0.4771	-0.0102	0.0158	0.5181	0.989851843582095	0.959667892198318	1.02098515560255	A	G
12	109898732	0.547	0.0037	0.0157	0.8155	1.00370685344998	0.973291162037839	1.03507304592508	A	G
12	110297222	0.4492	-0.0074	0.016	0.6429	0.992627312587426	0.961981557017198	1.02424934709733	A	G
12	112964847	0.1073	-0.0134	0.027	0.6205	0.986689380322482	0.935831350339834	1.040311304903	T	C
12	117676279	0.8019	0.0385	0.0204	0.05949	1.03925072835798	0.998517100583511	1.08164604868705	A	T
12	118828801	0.8312	-0.0151	0.0218	0.4899	0.985013433334498	0.943812269187028	1.02801319237475	A	G
12	121207147	0.4639	-0.0215	0.0157	0.1712	0.978729477469148	0.949070684505498	1.00931511815281	T	C
12	121907336	0.4602	-0.0093	0.0164	0.5704	0.99074311125161	0.959403060408539	1.02310692241751	A	G
12	123853449	0.2118	-0.0216	0.0203	0.286	0.978631609414885	0.940458271167465	1.01835440902346	C	G
12	131530428	0.535	0.0039	0.0177	0.8243	1.00390761489615	0.969677244968375	1.03934634382324	T	C
13	26036921	0.2128	-0.0008	0.0197	0.9663	0.999200319914684	0.961354549468696	1.03853596976202	T	C
13	37518022	0.3743	0.0035	0.017	0.8388	1.00350613215209	0.970620229466708	1.03750625290402	T	C
13	42805360	0.1492	0.0239	0.0223	0.2832	1.02418789398011	0.980386889520208	1.06994580750541	T	C
13	54034124	0.3884	-0.0148	0.0164	0.3682	0.985308981694536	0.954140827980673	1.01749528050548	A	T
13	58291621	0.7556	0.0068	0.0183	0.711	1.00682317249454	0.971350410392885	1.04359136499666	A	G
13	60374299	0.2406	-0.0001	0.0186	0.9969	0.999900004999833	0.964104102554837	1.03702496167088	T	C
13	66596810	0.8235	-0.0284	0.0207	0.1712	0.971999489235225	0.933352813591112	1.01224638027119	T	C
13	66951829	0.4804	-0.0112	0.0169	0.508	0.9888624864995	0.956643954614001	1.02216609689498	A	G
13	67592704	0.8946	0.0185	0.0264	0.4849	1.01867218516958	0.967302508979838	1.07276990517946	T	C
13	67803436	0.2187	0.0195	0.0197	0.3225	1.01969136686066	0.981069476307962	1.05983369043659	A	C
13	69566706	0.7483	0.0368	0.0187	0.04881	1.03748550298647	1.00014801095254	1.07621687702197	A	G
13	78950611	0.3547	0.004	0.0172	0.8162	1.00400801067734	0.970725062112351	1.03843212135756	T	C
13	78981531	0.2034	-0.0046	0.0201	0.8195	0.995410563795972	0.956957785296532	1.03540846392674	T	C
13	79308251	0.4036	-0.0137	0.0168	0.4151	0.986393417904968	0.954442384125677	1.01941404852588	A	G
13	79989381	0.4064	0.0016	0.0162	0.9193	1.00160128068294	0.970298037037428	1.03391441306915	T	C
13	80919712	0.3669	0.0316	0.0175	0.07072	1.03210458089338	0.997303641721713	1.06811989983523	T	C
13	82744744	0.379	0.0144	0.0171	0.3986	1.01450417946076	0.981065552037905	1.04908252869079	A	T
13	85234525	0.1852	-0.0046	0.0212	0.8298	0.995410563795972	0.954896806844547	1.03764321276856	T	G
13	91979840	0.1022	-0.0079	0.0267	0.7677	0.992131122988869	0.941546069555264	1.04543388478919	A	C
13	92878118	0.2042	-0.026	0.0207	0.2082	0.974335089608749	0.935595550551569	1.01467868918704	A	C
13	94022948	0.4495	-0.0216	0.0162	0.1832	0.978631609414885	0.94804624146505	1.01020370637826	A	G
13	97027206	0.9299	0.0438	0.0317	0.1678	1.04477337931572	0.981835009018427	1.1117462751894	A	G
13	99109816	0.6226	0.0125	0.0174	0.474	1.01257845154063	0.978627694896276	1.04770703493436	T	G
14	33772933	0.2986	-0.0129	0.0175	0.4619	0.987182848369375	0.953896599191329	1.02163062216684	A	G
14	38972370	0.422	0.0033	0.0163	0.8395	1.00330545099444	0.971758463250352	1.03587657433742	A	C
14	39795207	0.5419	-0.0083	0.0159	0.5991	0.991734349899582	0.961304560331852	1.02312738476058	T	G
14	42074726	0.4902	0.0022	0.016	0.8913	1.00220242177564	0.971261050265758	1.03412948963426	A	G
14	43069527	0.6316	0.0014	0.017	0.9358	1.00140098045749	0.968584065705068	1.03532977587366	A	G
14	47238606	0.3767	0.0033	0.0175	0.8502	1.00330545099444	0.969475573076026	1.03831582347277	T	C
14	64743301	0.5602	-0.037	0.0162	0.0223	0.963676135349053	0.933558173798896	0.994765746693937	A	G
14	69498110	0.6532	-0.0056	0.0166	0.7342	0.994415650771598	0.962582020834004	1.02730205332812	T	C
14	73439505	0.3982	0.0129	0.0162	0.425	1.01298356393833	0.981324587534824	1.0456639055452	A	T
14	75355203	0.4676	0.0054	0.0159	0.7331	1.00541460627947	0.974565059825315	1.03724068529739	T	C
14	82891741	0.8693	0.0094	0.024	0.6968	1.00944431875659	0.963059579941206	1.05806312910793	T	C
14	87407495	0.9536	0.0109	0.0416	0.7935	1.01095962142761	0.931801005971302	1.09684294136567	A	G
14	91463489	0.7471	-0.0332	0.0182	0.0686	0.967345071226595	0.93344615353939	1.0024750579112	A	C
14	98496873	0.9128	-0.0331	0.0287	0.2493	0.967441810570605	0.914523604602417	1.0234220878826	T	C
14	98659847	0.7951	0.0187	0.0199	0.3463	1.01887593998141	0.979900738198501	1.05940136649097	A	G
14	103370163	0.2205	0.0428	0.0189	0.02331	1.04372912814901	1.00577259759798	1.08311808807315	T	C
14	104079924	0.3554	-0.0034	0.0169	0.8384	0.996605773454898	0.964134954379746	1.03017016774649	A	G
15	29853387	0.8855	-0.0214	0.0263	0.4156	0.978827355310705	0.929649170525796	1.03060705251064	T	C
15	37436748	0.7243	-0.0095	0.0181	0.5978	0.9905449824429	0.956020426047993	1.02631631658626	A	G
15	37658915	0.4717	-0.0056	0.0161	0.7296	0.994415650771598	0.96352581359734	1.02629579046519	T	C
15	38843887	0.751	0.0297	0.0185	0.1093	1.03014544395915	0.993461469826992	1.06818398895188	A	G
15	40968531	0.5026	0.0203	0.016	0.2065	1.02050744634242	0.989000936938915	1.05301765563913	T	C
15	43644760	0.6938	-0.0144	0.0179	0.4216	0.985703184122443	0.951720385540811	1.02089939645142	T	C
15	47685416	0.6575	-0.0225	0.0169	0.1826	0.977751237193336	0.945894725452139	1.01068063507398	A	T
15	47956756	0.2641	0.0236	0.018	0.1893	1.02388068369577	0.988387946404715	1.06064795534855	A	G
15	63904280	0.795	-0.0246	0.0196	0.2109	0.975700114028341	0.938928450713738	1.01391188198765	C	G
15	66393606	0.2082	0.0348	0.0198	0.07801	1.03541260556888	0.996000021311949	1.07638477995088	T	C
15	74012409	0.5987	0.0094	0.0169	0.5782	1.00944431875659	0.976555201801994	1.04344109865954	T	C
15	74171368	0.4558	0.0091	0.016	0.5683	1.00914153088142	0.977985925651751	1.04128965728318	A	G
15	78101909	0.4265	0.0011	0.0161	0.9472	1.00110060522189	0.970003111265157	1.03319505900191	A	G
15	88427589	0.7353	-0.0097	0.0184	0.5961	0.990346893255991	0.955267378691893	1.02671460457997	T	C
15	88945878	0.7719	-0.0495	0.0205	0.0158	0.951705158136462	0.914223690048783	0.990723296587532	C	G
15	91426560	0.5576	0.0306	0.0175	0.08014	1.03107299219281	0.996306836565637	1.06705231381737	A	G
15	91573449	0.4288	-0.0148	0.017	0.3863	0.985308981694536	0.953019417885344	1.01869255881701	T	C
15	96957969	0.8814	-0.0672	0.0276	0.01483	0.935008180999166	0.885771732352382	0.986981483608211	A	G
16	6319505	0.6753	0.0066	0.0181	0.7149	1.00662182799517	0.971536927576757	1.0429737417431	A	G
16	6639512	0.4708	-0.0087	0.0161	0.5908	0.991337735487793	0.960543508536362	1.02311919977424	A	G
16	7662811	0.3884	-0.021	0.0164	0.199	0.97921896456946	0.948243455592833	1.01120632567193	A	G
16	12342972	0.2848	0.0601	0.0278	0.0306	1.06194273550937	1.00562777677127	1.12141132091823	T	C
16	13088905	0.7265	-0.0208	0.0188	0.268	0.979414827948058	0.943982170686158	1.01617746075359	T	C
16	13802379	0.1795	0.0223	0.0208	0.2832	1.02255050361135	0.981701488536799	1.06509926351877	T	C
16	15558272	0.3781	0.0024	0.0166	0.8857	1.00240288230538	0.970313561930219	1.03555343125916	A	G
16	17164470	0.3535	0.0059	0.0174	0.7358	1.00591743928038	0.972190019806501	1.04081493744381	T	C
16	17965261	0.6554	0.0005	0.0166	0.9757	1.00050012502084	0.968471716469827	1.03358774773047	T	C
16	21630698	0.3277	0.0132	0.0172	0.4401	1.01328750459633	0.979696940040699	1.04802977840107	T	G
16	23191250	0.3287	-0.025	0.017	0.1404	0.975309912028333	0.943348027763343	1.00835470738838	A	G
16	25353267	0.1552	0.011	0.0221	0.6205	1.01106072244472	0.968200582349764	1.05581818799315	T	G
16	49590802	0.0639	0.0042	0.0338	0.902	1.00420883236098	0.939837773495251	1.07298877256383	A	G
16	49820598	0.2331	-0.0175	0.0194	0.368	0.982652235665073	0.945989319654316	1.0207360656148	T	C
16	51212775	0.1893	0.0078	0.0235	0.7408	1.00783049924647	0.962462668063445	1.05533684465404	T	C
16	53812614	0.4877	-0.0051	0.016	0.7506	0.99491298291966	0.964196660991417	1.02660783181338	A	G
16	54128197	0.3072	0.0138	0.0172	0.4247	1.01389565952732	0.980284934585447	1.0486587849512	A	C
16	56364030	0.3345	0.0195	0.0169	0.2477	1.01969136686066	0.986468386653505	1.05403325409897	C	G
16	60644621	0.3445	-0.0028	0.0168	0.8675	0.997203916343893	0.96490271133016	1.03058644057571	T	C
16	61037218	0.2474	0.0041	0.0186	0.8263	1.00410841649862	0.96816185510102	1.0413896258887	A	G
16	62779700	0.44	-0.0004	0.0164	0.9787	0.999600079989334	0.967979857780546	1.03225321465441	T	C
16	65841162	0.3563	-0.0064	0.0181	0.7223	0.993620436379149	0.958988687797371	1.02950283371736	T	C
16	69588572	0.5722	-0.0021	0.0169	0.903	0.99790220345731	0.965389144867625	1.03151025983569	T	C
16	72225733	0.509	-0.0126	0.0158	0.4228	0.987479047651556	0.957367450890823	1.01853772931541	A	G
16	72985338	0.7376	0.0581	0.0187	0.001885	1.05982097250861	1.02167966161364	1.09938617354395	T	C
16	77029097	0.1505	-0.0072	0.0222	0.746	0.992825857903813	0.950552390203281	1.03697933357639	A	T
16	77195686	0.6738	-0.0153	0.0175	0.3819	0.984816450346786	0.951609992379016	1.01918164861741	T	C
16	82876533	0.3417	0.0073	0.0169	0.6673	1.00732670995467	0.974506587675908	1.04125217153027	T	C
16	87883089	0.295	-0.0119	0.0185	0.521	0.98817052497374	0.952981297871034	1.02465912878704	T	C
17	2314024	0.6964	-0.029	0.0186	0.1189	0.971416464466605	0.936640258024326	1.00748386517921	A	G
17	8068045	0.3458	-0.0096	0.0168	0.5671	0.990445932897216	0.958363630963598	1.02360222602176	C	G
17	11211438	0.3801	-0.0136	0.0165	0.408	0.98649206217889	0.955099266427556	1.01891669583412	T	G
17	27368639	0.0764	0.0398	0.03	0.1847	1.04060263285238	0.981179362242806	1.10362476135259	A	G
17	31570600	0.7517	-0.0092	0.0194	0.636	0.990842190516615	0.953873705947668	1.0292434316893	T	C
17	38218804	0.67	0.0108	0.0174	0.5345	1.0108585305201	0.976965441130979	1.04592744605411	A	G
17	44068492	0.765	-0.0117	0.0302	0.698	0.988368178843463	0.931562495444423	1.04863781198523	A	G
17	45558090	0.4897	0.0082	0.0163	0.6145	1.00823371208336	0.976531764758396	1.04096482558649	T	C
17	46643389	0.4414	0.0621	0.0159	9.115e-05	1.0640687462825	1.03141949092671	1.09775150341391	A	G
17	57211213	0.3219	-0.008	0.017	0.6379	0.992031914837061	0.959522033764226	1.02564327386473	A	G
17	63380264	0.9382	0.0213	0.0362	0.5549	1.02152846421261	0.951560509945966	1.09664114083068	T	C
17	65845918	0.7992	-0.0176	0.0204	0.3869	0.982553975354604	0.944042587478399	1.02263640146131	A	G
17	73818872	0.1945	-0.032	0.0203	0.1154	0.968506582079198	0.930728189273486	1.00781840535304	A	G
17	77810623	0.1449	-0.008	0.026	0.7594	0.992031914837061	0.942744478182042	1.04389613816996	T	C
17	79992815	0.8404	0.0309	0.0261	0.2365	1.03138236049339	0.979947774562798	1.08551659705693	A	G
18	4587928	0.3036	-0.0288	0.0177	0.1032	0.971610767189123	0.93848162712365	1.00590939197306	T	C
18	21131929	0.513	0.0413	0.0157	0.008788	1.04216470806518	1.01058361439008	1.07473272203416	T	C
18	25362907	0.349	-0.0147	0.0183	0.4199	0.985407517519414	0.95068927960327	1.0213936313545	C	G
18	26481458	0.5397	-0.0069	0.0158	0.665	0.993123750342816	0.962840027386921	1.02435997200045	A	G
18	30621913	0.0814	-0.0377	0.0297	0.2042	0.963001798099882	0.908543964419796	1.0207238168555	T	G
18	31399468	0.5288	0.0029	0.0158	0.8523	1.00290420906778	0.972322246640415	1.03444805057293	A	G
18	35138245	0.3303	-0.0215	0.017	0.2067	0.978729477469148	0.946655530614095	1.01189013224867	A	G
18	36844401	0.9071	0.0712	0.0289	0.01371	1.07379596358659	1.01466245445789	1.1363757142575	A	T
18	39294665	0.8822	0.0046	0.0253	0.8556	1.00461059624134	0.956008953871714	1.05568305191398	A	G
18	42260348	0.2557	-0.0176	0.0186	0.344	0.982553975354604	0.94737905178938	1.01903489702638	T	C
18	50754996	0.4644	-0.0203	0.0159	0.2003	0.979904657809293	0.949837843509078	1.01092322753633	A	G
18	52471537	0.7925	-0.0489	0.0199	0.01415	0.952276352572539	0.915848793987452	0.990152804286253	A	G
18	52754086	0.2392	0.0106	0.0192	0.5821	1.01065637902982	0.973330094462964	1.04941409115397	A	G
18	53099012	0.705	0.0191	0.0175	0.2752	1.01928357187835	0.984914936916067	1.05485150134302	C	G
18	60243876	0.2892	-0.0219	0.0177	0.2154	0.978338063966079	0.944979542377972	1.01287416762093	A	G
18	63494190	0.2925	0.0013	0.0174	0.9398	1.00130084536629	0.967728215732406	1.03603818368821	A	T
18	74661760	0.5912	0.025	0.0164	0.1258	1.02531512052443	0.992881457708636	1.05880826780887	A	G
18	77574374	0.1955	0.0125	0.0231	0.5888	1.01257845154063	0.9677553125018	1.05947764613539	T	C
19	4044579	0.1652	-0.0033	0.0244	0.8928	0.996705439015438	0.950160843282721	1.045530069131	A	G
19	18597196	0.1271	0.0019	0.026	0.9405	1.00190180614371	0.952124000544615	1.05428203530197	A	G
19	31891006	0.5852	-0.0252	0.0162	0.1196	0.975114869550825	0.944639410970043	1.00657351130703	A	G
19	47758145	0.4193	-0.0041	0.0171	0.8119	0.995908393524931	0.963082693648488	1.02985292419284	A	G
19	51781455	0.0621	-0.0195	0.0419	0.642	0.980688895188666	0.903369154621658	1.06462646441494	A	G
20	31074372	0.3354	-0.0455	0.0171	0.007807	0.955519602571954	0.924025139924572	0.98808752213581	A	G
20	36288210	0.4071	-0.0206	0.0166	0.2143	0.979610730503251	0.948251041570821	1.01200751831227	T	C
20	39832628	0.8048	0.0241	0.0203	0.2347	1.02439275204403	0.984434415683569	1.06597300309913	T	C
20	42015801	0.8209	-0.0211	0.021	0.3145	0.979121047568934	0.939638549005812	1.02026255394356	A	T
20	44688665	0.2654	-0.0136	0.0178	0.445	0.98649206217889	0.952668771262498	1.02151620594459	A	G
20	44912642	0.5358	0.0003	0.0162	0.9839	1.0003000450045	0.969037469135945	1.03257119761138	A	G
20	45840459	0.6251	-0.0337	0.0173	0.05087	0.966861519588965	0.934626775473337	1.0002080216335	A	C
20	47621372	0.5912	-0.004	0.0157	0.7978	0.996007989343991	0.965825599392397	1.02713358960577	A	G
20	48090779	0.1879	0.0133	0.0205	0.5149	1.0133888384134	0.973478051881801	1.05493589283875	A	G
20	51205902	0.8118	0.0315	0.0205	0.1242	1.03200137559565	0.991357562440771	1.0743115093702	A	T
20	59008217	0.7897	-0.0132	0.0197	0.5041	0.98688673793365	0.949507357447447	1.02573763738658	C	G
20	59770941	0.4011	0.0032	0.0165	0.8457	1.00320512546571	0.971280475681017	1.03617909446291	A	G
20	62846274	0.2398	0.0312	0.0223	0.1628	1.03169182161839	0.98756989990308	1.07778499010422	T	C
21	38817699	0.234	0.0288	0.0205	0.159	1.02921873014336	0.988684507270542	1.07141478063845	T	C
21	46488169	0.6116	0.0055	0.0171	0.7483	1.00551515276734	0.972372808711843	1.03978712011099	A	C
22	23412017	0.3639	-0.0341	0.0189	0.07144	0.966474852319739	0.931327771272059	1.00294833782381	A	G
22	31213097	0.2066	-0.0064	0.0202	0.7517	0.993620436379149	0.955049602556974	1.03374899999646	T	C
22	37004171	0.725	-0.0043	0.0198	0.8299	0.995709231763066	0.957807941223242	1.03511030922546	T	C
22	41408754	0.7324	0.0061	0.018	0.7327	1.00611864288793	0.971241625239003	1.04224808457684	T	C
22	46459132	0.3467	-0.0025	0.0178	0.8882	0.99750312239746	0.963302301536987	1.03291819982689	T	G
22	48873919	0.4768	0.0231	0.0165	0.1603	1.02336887131768	0.990802557621658	1.05700559483408	T	C
22	49610444	0.4273	-0.008	0.0166	0.6305	0.992031914837061	0.960274594003763	1.02483948466456	A	G
22	50180497	0.8032	0.0019	0.0208	0.9274	1.00190180614371	0.961877668619115	1.04359136499666	A	C
22	50624909	0.3714	0.018	0.0176	0.3063	1.01816297638979	0.983639313940059	1.05389834647672	C	G
