chromosome	base_pair_location	effect_allele_frequency	beta	standard_error	p_value	odds_ratio	ci_lower	ci_upper	effect_allele	other_allele
1	8482078	0.5455	0.038	0.0215	0.07726	1.0387312328785	0.995868557985906	1.08343873848114	T	C
1	16126676	0.3388	-0.0243	0.0233	0.2976	0.975992867973446	0.932423656985576	1.02159793051	A	G
1	18123443	0.8609	-0.0061	0.0306	0.841	0.993918567227454	0.93605972104941	1.05535373017864	T	G
1	32207581	0.8171	0.0429	0.0323	0.1838	1.04383350628064	0.979798833820848	1.11205315950944	T	G
1	37167333	0.3179	0.0244	0.023	0.2899	1.02470011597193	0.979532364779481	1.07195062197794	T	G
1	37672580	0.7138	0.0051	0.0235	0.8289	1.00511302713672	0.95986752388087	1.05249127841658	A	C
1	38431554	0.7126	-0.0313	0.0238	0.1877	0.969184774026142	0.925012525944293	1.01546638543646	T	C
1	41104664	0.4755	0.0112	0.0212	0.5979	1.01126295481177	0.970103996834687	1.05416817899051	A	G
1	50316592	0.2151	0.0253	0.0254	0.3199	1.02562276120438	0.975813301806333	1.07797469695619	T	C
1	50456837	0.0988	0.0548	0.0349	0.1165	1.05632932768196	0.986488116218533	1.13111514490241	T	C
1	52339759	0.4682	-0.0159	0.0213	0.456	0.984225737708091	0.943982170686158	1.02618495650496	T	C
1	61738270	0.46	-0.0224	0.0243	0.3575	0.977849017205975	0.932367713244486	1.02554891902392	T	C
1	66461401	0.5243	-0.0036	0.0211	0.8657	0.996406472230993	0.95603954664772	1.03847781337611	A	G
1	67500894	0.1976	0.0142	0.0268	0.5953	1.0143012989136	0.96239722282718	1.06900466935633	T	C
1	72747844	0.5028	0.0134	0.0221	0.5441	1.01349018236435	0.970527054397154	1.05835519483478	T	C
1	72891435	0.187	-0.0534	0.0274	0.05075	0.948000736337591	0.898432231179373	1.00030404621268	A	G
1	73661616	0.5064	0.0137	0.021	0.5141	1.01379427503068	0.972913598319066	1.05639270934305	T	C
1	80831434	0.2799	0.0085	0.0243	0.7284	1.00853622757204	0.961627612933922	1.05773306490434	A	G
1	84119728	0.4237	-0.0138	0.0216	0.5221	0.98629478349498	0.945410551311865	1.02894705226166	T	C
1	87370742	0.858	-0.0082	0.0304	0.7875	0.991833528293409	0.934462295635504	1.05272706286982	A	G
1	87950184	0.597	-0.0128	0.0229	0.5768	0.987281571590291	0.943948187939706	1.03260424041839	A	G
1	88846367	0.6671	0.0067	0.0228	0.7699	1.00672249521124	0.962724493515806	1.05273127378649	A	T
1	96835923	0.7733	0.007	0.0254	0.784	1.00702455726685	0.958118321275051	1.058427165435	C	G
1	118013322	0.6612	0.0227	0.0225	0.314	1.02295960562774	0.978827355310705	1.06908164046345	A	G
1	154207635	0.1022	0.0266	0.0372	0.4739	1.02695693782085	0.95474403557748	1.10463172624113	T	G
1	154555733	0.7111	0.0274	0.0247	0.2685	1.02777883208498	0.979207214012388	1.07875974825957	A	T
1	168904381	0.0881	0.0587	0.0381	0.1234	1.06045705589805	0.984150939394397	1.14267956508376	C	G
1	173868955	0.2129	-0.0262	0.0279	0.3486	0.97414024207623	0.922300672117575	1.02889354840605	T	C
1	176318604	0.4515	-0.0171	0.0218	0.4323	0.983045375182001	0.941926531015405	1.02595922064639	T	C
1	177394187	0.836	-0.0067	0.0288	0.8172	0.993322394956684	0.938804520337829	1.05100620943689	A	G
1	181591756	0.0698	0.0664	0.0428	0.121	1.06865409332239	0.982664027562652	1.1621688991784	T	C
1	190048077	0.6711	-0.0485	0.0225	0.03095	0.952657339305835	0.911558050601459	0.99560966581827	T	C
1	191349614	0.4758	-0.0605	0.0213	0.004459	0.941293769018406	0.902805628107732	0.981422724900364	T	C
1	197446702	0.4262	0.007	0.0222	0.7534	1.00702455726685	0.964146524068616	1.05180948499309	T	G
1	198447754	0.9497	-0.0829	0.0483	0.08607	0.920443186936756	0.837304060723734	1.01183751532984	T	C
1	201763184	0.3426	-0.0001	0.0221	0.9961	0.999900004999833	0.957512981803427	1.04416340979064	T	C
1	214124818	0.423	-0.0034	0.0214	0.8731	0.996605773454898	0.955668675257323	1.03929645639604	T	C
1	214423797	0.2904	0.0387	0.0245	0.115	1.03945859929006	0.990723296587532	1.09059127140712	A	T
1	216292566	0.499	-0.0122	0.0213	0.5681	0.987874118279475	0.947481374252287	1.0299888737513	T	G
1	217064958	0.6539	0.0068	0.0243	0.7785	1.00682317249454	0.959994234756756	1.05593644625254	A	G
1	227004367	0.544	-0.0118	0.0209	0.5708	0.988269346967255	0.948603856577808	1.02959343395308	A	G
1	241806189	0.6369	-0.018	0.026	0.4884	0.982161032358301	0.933364013892076	1.03350919804657	T	C
1	244340598	0.8101	-0.0063	0.0306	0.8377	0.993719803391055	0.935872527825147	1.05514268053827	T	C
1	246194044	0.7858	-0.0041	0.0261	0.876	0.995908393524931	0.946242878767387	1.04818070555565	C	G
2	5891511	0.7617	-0.0262	0.0257	0.3079	0.97414024207623	0.926286219280042	1.02446651097747	A	G
2	10182496	0.1958	0.0283	0.0286	0.3234	1.02870424940919	0.972625658511158	1.08801615862407	A	G
2	15410107	0.5372	0.0155	0.0211	0.4614	1.01562074805831	0.974475403964044	1.05850337493442	A	G
2	22171546	0.5262	0.0102	0.0223	0.6465	1.01025219731993	0.967047174823059	1.05538750203836	A	G
2	22558876	0.3761	-0.0024	0.0218	0.9119	0.997602877697382	0.955875121986623	1.04115221611974	A	G
2	22888130	0.3504	-0.0079	0.0223	0.7239	0.992131122988869	0.949701076707059	1.03645682767482	A	G
2	24133027	0.8552	-0.0262	0.0303	0.387	0.97414024207623	0.917972357932168	1.03374486500873	T	C
2	28042059	0.1913	-0.0089	0.0278	0.7502	0.991139487766128	0.938579234288355	1.04664310515472	T	C
2	34356201	0.3391	0.017	0.0237	0.4736	1.01714532232524	0.970977483441851	1.06550834017365	A	G
2	44207974	0.3587	-0.03	0.0229	0.1904	0.970445533548508	0.927851110815067	1.01499531832964	C	G
2	50392938	0.9248	-0.0084	0.0405	0.8357	0.991635181423098	0.915962366279243	1.07355975445855	A	G
2	50970292	0.7959	-0.02	0.0263	0.4471	0.980198673306755	0.930951590846028	1.03205091285056	T	G
2	50976459	0.1241	-0.0009	0.0318	0.9777	0.999100404878527	0.938729418980296	1.0633539322894	T	G
2	57987593	0.5271	-0.0151	0.021	0.4722	0.985013433334498	0.945293327671518	1.0264025307778	T	C
2	58667149	0.1234	0.0425	0.0319	0.1824	1.04341605637368	0.980175148820891	1.11073726773024	A	G
2	58881871	0.8662	-0.0077	0.0312	0.805	0.992329569057412	0.933464822649152	1.05490635504728	A	G
2	60159532	0.3571	-0.0211	0.022	0.3384	0.979121047568934	0.937798661128889	1.02226422955058	A	G
2	60477052	0.3728	0.0061	0.0218	0.7807	1.00611864288793	0.964034689558351	1.05003972837367	A	T
2	71563549	0.4315	0.0003	0.0217	0.9899	1.0003000450045	0.9586473485865	1.0437625280155	T	G
2	76776812	0.251	-0.0228	0.0246	0.3546	0.977457955816584	0.931446988856545	1.02574174034534	T	C
2	86825143	0.1459	0.014	0.0301	0.6427	1.01409845893849	0.956001305830675	1.07572623400116	T	C
2	100109001	0.4297	0.0244	0.0215	0.2567	1.02470011597193	0.982416427426634	1.06880371536876	T	C
2	104489351	0.3113	-0.0099	0.0231	0.6683	0.990148843682957	0.946318581225746	1.03600917502519	T	C
2	104984959	0.7893	-0.0742	0.026	0.004244	0.928485978074715	0.88235571437554	0.97702796892008	A	G
2	113234316	0.2827	-0.0539	0.0247	0.02923	0.947526854449767	0.90274785039644	0.994527031561692	T	C
2	125052996	0.3365	-0.0029	0.0228	0.8984	0.997104200938112	0.953526559103262	1.04267340855554	A	T
2	125278565	0.3166	-0.0282	0.023	0.2192	0.972193908574358	0.929340578230337	1.01702327220972	T	C
2	138394450	0.2718	0.0109	0.0248	0.661	1.01095962142761	0.962994094116313	1.06131425145959	T	G
2	142489456	0.1264	-0.0034	0.0321	0.9153	0.996605773454898	0.935835093672722	1.06132274200756	T	C
2	144074905	0.3798	0.0103	0.0221	0.6397	1.0103532275911	0.967523079095923	1.05507937387666	A	G
2	144158287	0.4272	-0.0206	0.0215	0.3377	0.979610730503251	0.939187630731332	1.02177366046639	T	C
2	145792165	0.2554	0.0073	0.0238	0.7575	1.00732670995467	0.961416078128758	1.05542971838276	T	C
2	146681518	0.7552	0.0327	0.0247	0.1844	1.03324052058466	0.984410789541108	1.0844923529086	T	C
2	148993376	0.1009	0.0091	0.036	0.7997	1.00914153088142	0.940390560609551	1.08291881267885	A	G
2	153268611	0.2649	-0.0182	0.0242	0.4521	0.98196461979374	0.936475423844747	1.02966344868707	A	G
2	155246261	0.6886	-0.0288	0.0227	0.2046	0.971610767189123	0.929329426210311	1.01581576596306	A	G
2	155945716	0.4851	0.0172	0.0213	0.4175	1.01734877173397	0.97575085175344	1.06072008186178	A	G
2	157145541	0.2031	0.0152	0.0261	0.5592	1.01531610753226	0.964682738589822	1.06860707357673	T	G
2	160354670	0.2099	-0.0152	0.0264	0.5638	0.984914936916067	0.935247573734465	1.03721994069113	A	G
2	161440199	0.332	0.027	0.0232	0.2444	1.02736780276349	0.981697561738698	1.07516270111306	A	C
2	162033854	0.6875	0.0153	0.0228	0.5034	1.01541764421976	0.971039627989396	1.06182380458325	T	C
2	162226838	0.2095	0.0078	0.0259	0.7645	1.00783049924647	0.957945875497807	1.06031284354511	A	G
2	164915279	0.7691	-0.0388	0.025	0.1209	0.961943078524493	0.915944047215109	1.01025219731993	A	G
2	165045101	0.5596	0.0235	0.0213	0.2696	1.02377830074663	0.981917486623195	1.06742371264223	A	G
2	172865775	0.4267	-0.0288	0.0218	0.1868	0.971610767189123	0.930970210064036	1.01402544647793	A	G
2	173797297	0.6665	0.0065	0.0244	0.7903	1.00652117084531	0.959518195683767	1.05582663457244	A	G
2	175239185	0.4481	0.0167	0.0213	0.4333	1.01684022449551	0.975263098276094	1.06018985438877	A	C
2	176727834	0.5024	-0.0213	0.0214	0.3183	0.978925242940536	0.938714399429749	1.02085856129227	T	C
2	185785791	0.605	0.0212	0.0216	0.3271	1.02142631647366	0.979085799845685	1.06559784663345	A	G
2	191741948	0.2416	0.0329	0.0247	0.1838	1.03344718935496	0.984607691388544	1.08470927307048	A	G
2	198413692	0.6824	0.0125	0.0228	0.5839	1.01257845154063	0.968324519956143	1.05885485639759	C	G
2	208076936	0.6711	-0.0324	0.0224	0.1485	0.968119256916563	0.926534497254572	1.01157042548321	A	G
2	208533370	0.2499	0.0052	0.0248	0.8355	1.00521354346516	0.957520641937922	1.05528196856491	A	G
2	210065783	0.4771	0.0207	0.0212	0.3295	1.02091573097243	0.979363899701151	1.06423049702468	A	G
2	212031837	0.4706	0.0047	0.0213	0.8264	1.00471106232418	0.963629880004694	1.04754360538475	A	G
2	212693775	0.854	-0.0242	0.0342	0.4786	0.97609047214037	0.91280591535957	1.0437625280155	T	C
2	212710934	0.6756	-0.0067	0.0251	0.7899	0.993322394956684	0.945637477074182	1.0434118827178	A	G
2	215406362	0.2696	-0.0453	0.024	0.05905	0.955710725604135	0.911795086507948	1.00174151467839	T	C
2	222875933	0.524	0.0074	0.0225	0.7418	1.00742744766246	0.963965281559421	1.05284918629213	A	G
2	226360417	0.294	0.0125	0.0237	0.5986	1.01257845154063	0.966617901183237	1.0607243247506	A	G
2	233696701	0.6229	-0.0706	0.0215	0.001019	0.931834551411331	0.893382909478755	0.971941171015435	A	C
2	241713646	0.6542	-0.0222	0.0235	0.3442	0.9780446065677	0.934017597429351	1.02414692728369	A	G
3	2322703	0.3821	0.0227	0.0216	0.294	1.02295960562774	0.98055553056792	1.0671974428006	T	C
3	5767413	0.188	0.0081	0.0282	0.7744	1.00813289375315	0.953923308670037	1.06542310291598	T	C
3	8278215	0.5199	-0.0175	0.0223	0.4322	0.982652235665073	0.940627568892614	1.02655444959407	T	C
3	12259813	0.7466	-0.032	0.0244	0.1899	0.968506582079198	0.923278829161665	1.01594986249434	A	G
3	16862555	0.3728	0.0011	0.0217	0.9584	1.00110060522189	0.959414573314341	1.04459787213101	C	G
3	18705035	0.7174	0.0176	0.0232	0.4502	1.01775579264142	0.972512840478343	1.06510352392435	A	G
3	43537085	0.8882	0.015	0.034	0.6586	1.01511306461572	0.949670686758846	1.08506511606711	T	C
3	44464619	0.3266	-0.0282	0.0223	0.2046	0.972193908574358	0.930616508591748	1.0156288730568	T	C
3	49213637	0.7674	0.0247	0.0272	0.3639	1.02500757212284	0.971793447184736	1.08113563221983	T	C
3	52540773	0.528	-0.0126	0.0219	0.5643	0.987479047651556	0.945989319654316	1.03078845531486	T	C
3	54424687	0.2523	-0.0003	0.025	0.9893	0.9997000449955	0.951895518203462	1.04990533189	T	G
3	61162427	0.4065	-0.0111	0.0215	0.6065	0.988961377692628	0.948152428590462	1.03152676413188	T	C
3	61850364	0.645	-0.0448	0.0223	0.04438	0.956188700450691	0.915295788340401	0.998908596015031	T	C
3	65711935	0.0758	0.0031	0.042	0.9405	1.00310480996902	0.923836658021835	1.0891744239047	T	C
3	70330440	0.728	0.008	0.0239	0.7392	1.00803208550427	0.961900753960185	1.05637580719492	A	C
3	71321319	0.1322	-0.0358	0.0321	0.2647	0.964833240835912	0.905999975482877	1.02748698434101	A	G
3	71536083	0.3336	-0.025	0.0231	0.2796	0.975309912028333	0.932136514721403	1.02048295445761	C	G
3	71814431	0.8875	-0.008	0.0341	0.8158	0.992031914837061	0.927895648737287	1.0606012878652	T	C
3	76211681	0.5057	0.0212	0.0217	0.3295	1.02142631647366	0.978893917833966	1.06580672428073	A	C
3	77246944	0.7328	0.0	0.0243	0.999	1.0	0.953488418803709	1.04878043642591	T	G
3	78592839	0.4405	0.0024	0.0215	0.9123	1.00240288230538	0.961039276884	1.04554679774594	A	G
3	107545170	0.4986	-0.0282	0.021	0.1798	0.972193908574358	0.932990742945686	1.01304434477557	A	G
3	107994684	0.1164	0.0304	0.0341	0.3724	1.03086679821445	0.964219801988971	1.10212044335621	A	G
3	110136153	0.3804	-0.0337	0.0221	0.1271	0.966861519588965	0.925875039487351	1.00966238227946	T	C
3	114599972	0.7635	-0.0213	0.025	0.3933	0.978925242940536	0.932114143713503	1.02808721198928	T	C
3	116018631	0.871	0.0137	0.0316	0.6657	1.01379427503068	0.952908874044536	1.07856990325073	T	C
3	117623116	0.8401	0.0054	0.0286	0.8497	1.00541460627947	0.950605622627626	1.06338370661634	T	C
3	117834868	0.7355	0.0048	0.024	0.8421	1.00481153845414	0.958639679438388	1.05320721587705	A	G
3	132663169	0.5433	0.0404	0.0216	0.06187	1.04122718177803	0.998065872839199	1.08625499937126	A	G
3	142800392	0.7585	-0.0263	0.0249	0.29	0.974042832922562	0.927647006023038	1.02275912519276	A	G
3	144249167	0.4439	-0.0157	0.0213	0.4602	0.98442260254146	0.944170986001197	1.02639021402133	T	C
3	152151665	0.1101	0.0207	0.0348	0.5528	1.02091573097243	0.953602844279357	1.09298009753172	T	G
3	157406565	0.1652	-0.0105	0.0317	0.7406	0.989554932567899	0.929942986084096	1.05298817155755	T	C
3	157899163	0.5749	-0.0138	0.0218	0.5259	0.98629478349498	0.945040023004044	1.02935047857253	A	G
3	161722384	0.2436	0.0176	0.0246	0.4743	1.01775579264142	0.969847923182732	1.06803018153187	A	C
3	165478486	0.2817	-0.024	0.0236	0.3102	0.976285709757909	0.932155157638126	1.02250551237901	A	C
3	167191652	0.3775	-0.0111	0.0219	0.6113	0.988961377692628	0.947409368404101	1.03233579821488	T	C
3	173119768	0.4584	-0.0399	0.0229	0.0817	0.960885522900346	0.918710704483485	1.00499644078771	A	G
3	175948250	0.6456	-0.0084	0.022	0.7021	0.991635181423098	0.94978465407916	1.03532977587366	A	G
3	178280719	0.4493	-0.0431	0.0213	0.04257	0.957815603717421	0.918651908879878	0.998648913540251	T	C
3	184924892	0.3299	0.037	0.0229	0.1057	1.03769302083816	0.99214699721383	1.08532990425827	C	G
3	185822774	0.1678	0.0038	0.0287	0.8936	1.00380722915403	0.94889986715631	1.06189176348141	A	G
3	190558711	0.38	-0.0006	0.0231	0.9806	0.999400179964005	0.955160394736692	1.04568900178009	A	T
3	193413502	0.5136	-0.0322	0.0211	0.1272	0.968312900131622	0.929084115624213	1.00919804438951	T	C
4	3186244	0.5175	-0.0244	0.0224	0.2774	0.97589527356645	0.93397650155918	1.01969544563428	A	G
4	16832297	0.766	0.0158	0.0254	0.5344	1.01592547999023	0.966586969905303	1.06778242727036	A	G
4	17259101	0.6444	0.0288	0.0225	0.201	1.02921873014336	0.984816450346786	1.07562296923949	A	G
4	21866646	0.4027	-0.0321	0.0236	0.1739	0.968409736263361	0.924635197813881	1.01425667063828	T	C
4	28296275	0.6823	0.016	0.0241	0.5072	1.01612868540609	0.969246803836612	1.06527821522656	A	G
4	39978704	0.7404	0.0152	0.0246	0.536	1.01531610753226	0.967523079095923	1.06546998256385	C	G
4	42086277	0.8208	-0.0253	0.0274	0.356	0.975017362939282	0.924036228292781	1.02881124021455	A	C
4	47276305	0.6523	0.0152	0.0223	0.4967	1.01531610753226	0.971894518958884	1.06067765390707	T	G
4	56455791	0.3541	0.0107	0.0223	0.6299	1.01075744972117	0.967530819311516	1.0559153277348	A	T
4	62080215	0.8137	-0.0544	0.0276	0.04868	0.947053209443661	0.897182483539728	0.999696046203318	A	G
4	67107517	0.2871	-0.0003	0.0247	0.9904	0.9997000449955	0.952455397356505	1.04928816901851	A	T
4	80217741	0.4617	-0.0198	0.0216	0.3588	0.980394732646697	0.939755071410128	1.02279185400843	T	C
4	90917853	0.39	-0.007	0.0217	0.7486	0.993024442933235	0.95167470405867	1.03617080506331	A	T
4	97634673	0.3908	0.0082	0.0218	0.708	1.00823371208336	0.966061289591683	1.05224712876244	A	G
4	101508622	0.4482	0.0334	0.0217	0.1233	1.03396404215207	0.99090957007645	1.07888920719675	T	C
4	102319286	0.5297	-0.0023	0.0224	0.9196	0.997702642973332	0.95484715350159	1.04248157429766	A	G
4	113427134	0.5049	0.0032	0.021	0.8782	1.00320512546571	0.962751450179016	1.04535861625919	A	G
4	115522306	0.1389	0.0549	0.0309	0.07574	1.05643496589655	0.994352010206468	1.12239410763308	A	G
4	119000833	0.0801	0.0675	0.0385	0.07925	1.0698302595979	0.99207159690729	1.15368365339692	T	G
4	123388893	0.95	0.0155	0.0516	0.764	1.01562074805831	0.917928296316474	1.12371032467976	C	G
4	138600529	0.1758	0.0264	0.0287	0.3574	1.02675156697106	0.970589170116317	1.08616375778351	A	G
4	140910848	0.448	-0.0131	0.0223	0.5575	0.986985431542042	0.944775448839714	1.03108124080974	T	C
4	143500223	0.3082	0.0528	0.0235	0.02477	1.05421878027752	1.00676276491644	1.10391174109629	A	G
4	164215095	0.242	0.0484	0.0256	0.05905	1.04959040753145	0.998225576154778	1.10359827467616	T	C
4	164483890	0.419	0.0041	0.0226	0.8565	1.00410841649862	0.960601142875887	1.04958620917821	T	C
4	176731401	0.0564	0.0584	0.0498	0.2409	1.06013896649708	0.961550685802013	1.1688355537369	A	G
4	183719751	0.1824	-0.0479	0.0324	0.1402	0.95322910522204	0.894577266698791	1.01572637810878	C	G
5	3416705	0.2938	0.0236	0.0238	0.3211	1.02388068369577	0.977215576299844	1.07277419626767	T	C
5	7418682	0.2086	0.0418	0.0266	0.1164	1.04268592071151	0.989717232885103	1.09848944034324	T	C
5	20143940	0.5511	0.0057	0.0231	0.8042	1.00571627590953	0.961196900250172	1.05229763783683	A	G
5	24192081	0.5976	-0.0365	0.0214	0.08781	0.964158093896324	0.924553833496556	1.0054588454954	A	G
5	27070974	0.3901	-0.0294	0.0222	0.1851	0.971027975583775	0.929682638498355	1.01421204432656	A	G
5	29264189	0.6632	-0.0077	0.0224	0.7319	0.992329569057412	0.949704875518964	1.03686734585581	T	C
5	30148789	0.5459	0.0267	0.0229	0.2436	1.02705963864959	0.981980331353349	1.07420838041557	T	C
5	30842054	0.4719	0.037	0.0211	0.07985	1.03769302083816	0.99565347360733	1.08150760685328	T	G
5	31062973	0.6533	-0.0425	0.0237	0.07362	0.958390465520947	0.914889487215903	1.00395981944943	A	T
5	53318932	0.9325	0.0272	0.0444	0.5391	1.02757329687277	0.941930298729064	1.12100320147966	C	G
5	61514611	0.4779	0.0181	0.0213	0.397	1.01826479777842	0.976629422817694	1.061675159656	T	C
5	77044431	0.8334	-0.0352	0.0289	0.2227	0.965412314485136	0.912247449047492	1.02167557490317	A	G
5	77657957	0.7895	0.0056	0.0259	0.8304	1.00561570931036	0.955840711101631	1.05798271936572	T	G
5	88036486	0.5801	-0.007	0.0216	0.7453	0.993024442933235	0.951861250581627	1.03596773548699	T	C
5	92519387	0.4104	-0.0253	0.0215	0.2399	0.975017362939282	0.934783805961808	1.01698259209243	A	G
5	93094118	0.0877	0.0286	0.0376	0.4466	1.02901290698033	0.955905710479939	1.10771130575261	T	C
5	102956594	0.4609	-0.0086	0.0211	0.6832	0.991436874218195	0.951271279516196	1.03329838367396	A	G
5	103991476	0.5937	-0.01	0.0215	0.64	0.990049833749168	0.94919597010452	1.032662067875	A	C
5	105187383	0.9055	0.0043	0.0363	0.9067	1.00430925826542	0.935337361811302	1.07836715116821	T	C
5	106985611	0.132	0.0304	0.0337	0.3676	1.03086679821445	0.96497604672293	1.10125671955259	C	G
5	111100771	0.7411	0.01	0.0243	0.6811	1.01005016708417	0.963071136725505	1.05932085504659	T	G
5	117412944	0.0818	0.0241	0.0388	0.5347	1.02439275204403	0.94937823322748	1.10533449547595	A	G
5	120084621	0.2787	0.0255	0.0237	0.2819	1.02582790627044	0.979265968207837	1.07460376184528	C	G
5	122321622	0.672	0.0341	0.0223	0.1264	1.03468807036189	0.990438009361447	1.0809151030456	T	C
5	124262051	0.5476	-0.0124	0.0214	0.5631	0.987676563211984	0.947106245908397	1.02998475380405	T	C
5	124980248	0.6419	-0.0044	0.0227	0.8453	0.99560966581827	0.952283970813833	1.04090653318846	A	G
5	137757377	0.8074	-0.0212	0.0271	0.4352	0.979023140359619	0.92837827994787	1.03243077747729	A	C
5	140126139	0.5309	-0.0384	0.0211	0.0689	0.96232793272161	0.923341614256717	1.00296037327607	T	G
5	143877756	0.6862	0.0037	0.023	0.8732	1.00370685344998	0.959464464169305	1.04998932767633	T	C
5	148747902	0.1867	-0.0028	0.0284	0.9224	0.997203916343893	0.943212195427508	1.05428625243854	C	G
5	152552519	0.3803	0.0215	0.0219	0.3262	1.02173279033738	0.978803863736078	1.06654451778104	A	C
5	153215007	0.1672	-0.0185	0.0285	0.5162	0.981670074591791	0.928337432202209	1.03806665757624	T	C
5	155119877	0.5531	-0.0068	0.0216	0.7526	0.993223067683635	0.952051641870238	1.03617494975482	A	G
5	161010597	0.9171	-0.0212	0.0388	0.5857	0.979023140359619	0.907330960150607	1.0563800327066	A	G
5	164523472	0.4735	0.02	0.0214	0.3493	1.02020134002676	0.978295018038282	1.06390276450499	A	C
5	166877976	0.7038	0.033	0.0247	0.1818	1.03355053924131	0.984706157080886	1.08481774942151	T	C
5	166989513	0.3567	0.0182	0.0225	0.4197	1.01836662934969	0.974432527989548	1.06428158131455	A	G
5	167166468	0.8517	0.0067	0.0315	0.8323	1.00672249521124	0.946447289304744	1.07083637284106	C	G
5	170840142	0.6461	0.073	0.0224	0.001129	1.0757305369147	1.02952342397994	1.12401151940506	A	G
5	175850820	0.2721	0.0252	0.0257	0.3278	1.0255202040562	0.975142173149421	1.07850087698579	T	C
6	4426142	0.3316	0.0092	0.0226	0.684	1.00924245008038	0.965512722586973	1.05495277194806	T	C
6	5419000	0.496	-0.0151	0.0214	0.4808	0.985013433334498	0.944552508141825	1.02720754588662	T	G
6	17028673	0.2591	-0.046	0.0248	0.06398	0.955041962190715	0.909729478536615	1.00261140379039	T	G
6	19327938	0.0882	0.0198	0.037	0.5929	1.01999732016142	0.94864559606576	1.09671571496375	T	G
6	19780879	0.7446	0.008	0.0246	0.745	1.00803208550427	0.960581931045149	1.05782614950971	A	G
6	28705074	0.0795	0.1196	0.0763	0.1171	1.12704594302647	0.970495998028318	1.30884883634044	T	G
6	29659124	0.7129	-0.0399	0.0433	0.357	0.960885522900346	0.882701665617588	1.04599438755276	A	G
6	37660117	0.6597	0.0087	0.0232	0.7076	1.00873795498962	0.963895878557687	1.05566616112027	A	G
6	39995063	0.7399	-0.0053	0.0242	0.8272	0.994714020220009	0.948634212386909	1.04303214990805	T	C
6	50807358	0.1034	0.0125	0.0356	0.7263	1.01257845154063	0.944333397377767	1.08575543697971	T	C
6	53131343	0.929	-0.0027	0.0423	0.9486	0.997303641721713	0.917953998668602	1.08351241482033	T	G
6	65107133	0.2938	0.0281	0.023	0.2212	1.02849852913202	0.983163347705232	1.07592418583923	A	G
6	66565353	0.6338	0.0068	0.0222	0.7598	1.00682317249454	0.963953714045448	1.05159914413088	A	G
6	76465003	0.8328	0.0058	0.0291	0.8429	1.00581685256587	0.95005443122746	1.06485218915137	C	G
6	92648832	0.2791	0.0184	0.0246	0.4555	1.01857032304425	0.970624111955391	1.06888494753791	T	C
6	94122191	0.551	-0.0092	0.0214	0.6693	0.990842190516615	0.950141840255887	1.03328598416775	T	C
6	99596909	0.4216	0.0035	0.0214	0.8718	1.00350613215209	0.96228559122409	1.04649239939865	T	C
6	100109753	0.2238	0.0084	0.0258	0.7456	1.0084353789918	0.958708703980161	1.06074129647557	C	G
6	100679643	0.4494	-0.0288	0.0212	0.1745	0.971610767189123	0.932065675038226	1.01283365346451	T	G
6	100983589	0.532	0.0138	0.0221	0.5325	1.01389565952732	0.97091534287143	1.05877862159242	T	C
6	105369510	0.4541	0.0123	0.0211	0.5589	1.01237595610055	0.971362066667747	1.05512157789569	A	G
6	117080407	0.7902	-0.0036	0.0284	0.9003	0.996406472230993	0.942457927418597	1.05344316071825	T	C
6	117823289	0.2424	0.0425	0.0245	0.082	1.04341605637368	0.994495207205875	1.09474340229075	T	C
6	124292594	0.3838	0.0245	0.0226	0.2777	1.0248025911072	0.980398654233471	1.07121765845461	A	G
6	142987461	0.5081	0.0008	0.0211	0.9707	1.00080032008535	0.960255388703937	1.04305718298005	T	G
6	143150043	0.7538	-0.012	0.0244	0.6222	0.988071712861931	0.941930298729064	1.03647341111673	A	G
6	147973296	0.6623	0.0078	0.0224	0.7273	1.00783049924647	0.964539976109195	1.05306398943531	T	C
6	152263360	0.3291	0.0	0.0219	0.9983	1.0	0.957984194099194	1.04385855858542	A	G
6	157155257	0.1762	-0.0409	0.0282	0.1468	0.959925117660099	0.908307773695172	1.01447577374142	T	C
6	162969924	0.7939	-0.0594	0.026	0.02221	0.942329761855924	0.895511693050908	0.991595516809139	T	G
6	163558679	0.1901	-0.0143	0.0281	0.6094	0.985801759369535	0.932975815213221	1.04161875680987	A	G
6	164709971	0.9482	-0.0446	0.0511	0.3827	0.95637995731583	0.865233384302338	1.05712821459489	A	G
6	164913801	0.8909	-0.1051	0.0386	0.006496	0.90023449463548	0.834638985764803	0.97098525129279	C	G
6	165081297	0.2254	0.0516	0.0259	0.04615	1.05295447647518	1.0008363495454	1.10778663268248	A	G
7	1937261	0.1919	-0.021	0.0279	0.4516	0.97921896456946	0.927109126759609	1.03425772964169	A	G
7	2760750	0.7383	-0.019	0.0239	0.4274	0.981179362242806	0.936276912097881	1.02823526720752	A	C
7	3521803	0.2303	0.0165	0.0251	0.5103	1.01663687678606	0.9678327360237	1.06790202559959	T	C
7	4150203	0.1209	0.0326	0.0334	0.3289	1.03313720169863	0.967670153781338	1.10303337698567	C	G
7	6524843	0.7444	-0.0032	0.0246	0.8969	0.996805114543033	0.949883436819797	1.04604459648837	C	G
7	6692096	0.0372	-0.0015	0.0632	0.9807	0.998501124437711	0.882168674790989	1.13017444848582	T	C
7	8680443	0.719	0.0452	0.0245	0.06506	1.04623708640265	0.997183972465006	1.09770320341036	C	G
7	12263538	0.5905	-0.03	0.0215	0.1639	0.970445533548508	0.930400630604569	1.01221398890529	T	C
7	13953869	0.75	0.0301	0.025	0.2289	1.03055758455936	0.981277485085091	1.08231254791372	C	G
7	16813427	0.4518	0.0153	0.0215	0.4767	1.01541764421976	0.973516991782669	1.05912172144499	T	C
7	21492589	0.5769	-0.002	0.0215	0.9259	0.998001998667333	0.956819993296712	1.0409564979012	A	G
7	21911656	0.2756	0.0117	0.0245	0.6328	1.01176871271812	0.964331657973524	1.06153927393243	A	G
7	24428024	0.4636	-0.0138	0.0214	0.5177	0.98629478349498	0.945781224895255	1.0285437840629	T	C
7	29836717	0.669	0.0473	0.0227	0.03701	1.04843649285259	1.00281194612471	1.09613680191274	T	C
7	32829130	0.6516	-0.0188	0.0224	0.3995	0.98137561774015	0.93922144209464	1.02542175884206	T	G
7	48653581	0.6311	0.0448	0.022	0.04156	1.0458186752559	1.0016814119906	1.0919007664727	T	C
7	53794695	0.1582	-0.0533	0.0292	0.06815	0.948095541151387	0.895357678285353	1.00393974045383	T	C
7	68406045	0.5852	-0.0426	0.0232	0.06637	0.958294631266187	0.915694944313797	1.00287612814306	T	C
7	70209943	0.0705	0.0594	0.0433	0.1704	1.06119963570979	0.974853573780982	1.1551936589439	T	C
7	71369043	0.7387	-0.0286	0.0244	0.241	0.971805108776071	0.926423319785683	1.01940997087784	T	G
7	73973096	0.1662	0.0453	0.0316	0.1511	1.04634171534265	0.983501614075323	1.11319693795881	T	C
7	75189471	0.5684	-0.0329	0.025	0.1878	0.967635318282845	0.921364090498732	1.01623030335545	A	G
7	75794223	0.2918	-0.0062	0.0236	0.7917	0.993819180340158	0.948896071564432	1.04086906122776	T	G
7	78120735	0.5173	0.0425	0.0214	0.04768	1.04341605637368	1.00055615459665	1.08811190825895	T	C
7	82450364	0.5422	0.0126	0.0214	0.5552	1.01267971444885	0.971082354673008	1.05605894198492	A	G
7	84405422	0.5114	0.028	0.0217	0.1966	1.02839568442143	0.985573079889207	1.07307890740634	A	G
7	104581402	0.4106	0.0141	0.0223	0.5271	1.01419987385505	0.970826022768674	1.05951154996253	A	C
7	108213926	0.6687	-0.0173	0.0232	0.4537	0.982848785766561	0.939157577208008	1.02857258369205	A	G
7	109104776	0.6294	-0.0005	0.0223	0.9811	0.999500124979169	0.956754931749285	1.04415505651677	A	G
7	109996728	0.2238	-0.013	0.0262	0.6212	0.987084135020288	0.937674879875363	1.0390969306315	T	C
7	110156436	0.4431	-0.0524	0.0211	0.01312	0.948949211232337	0.910504898334255	0.989016761080499	A	G
7	111230244	0.5413	-0.004	0.0214	0.8537	0.996007989343991	0.955095446038131	1.03867306555816	T	C
7	111391927	0.9448	-0.0366	0.0487	0.4521	0.964061682907564	0.876295426532422	1.06061825762157	A	G
7	114059156	0.4505	-0.0384	0.0214	0.07211	0.96232793272161	0.922798848976164	1.00355028739331	T	C
7	114672684	0.7669	0.0157	0.0253	0.5344	1.01582389252169	0.966679766708589	1.06746641044468	A	C
7	115082406	0.4917	0.0377	0.0216	0.08071	1.03841966024687	0.995374729660694	1.08332606671137	A	G
7	117628555	0.4137	-0.0186	0.0216	0.3904	0.981571912492519	0.940883454390202	1.02401994093803	T	C
7	121982909	0.8509	-0.032	0.0295	0.2772	0.968506582079198	0.914095707691151	1.02615622372844	T	G
7	126396962	0.4074	-0.0281	0.0214	0.1896	0.972291132826346	0.932352795480416	1.01394027191781	A	G
7	132568255	0.2385	-0.0082	0.0251	0.7436	0.991833528293409	0.944220084169011	1.04184793814539	T	C
7	133770621	0.2524	-0.0037	0.0263	0.8873	0.996306836565637	0.946250448740697	1.04901119350427	A	G
7	135119417	0.4084	-0.009	0.0218	0.682	0.991040378772884	0.949587119415429	1.03430323798297	A	G
7	140176596	0.7246	-0.0553	0.0285	0.05242	0.946201244996671	0.894795570183807	1.00056015682927	T	C
7	140651989	0.1697	-0.0185	0.0287	0.5199	0.981670074591791	0.927973595245489	1.03847365947317	A	G
7	144633224	0.4647	0.0218	0.0216	0.3124	1.02203935615706	0.979673427596288	1.06623739718741	A	G
7	153473086	0.4899	0.028	0.0259	0.2789	1.02839568442143	0.977493144936394	1.08194895198516	A	G
7	157505749	0.3422	0.0162	0.0241	0.5033	1.0163319314671	0.969440672583608	1.06549129217659	T	G
8	4508910	0.7998	-0.0034	0.0284	0.9045	0.996605773454898	0.942646437854496	1.05365387042066	C	G
8	4792627	0.3555	-0.0117	0.0232	0.6137	0.988368178843463	0.944431613158227	1.03434874832666	T	C
8	13961133	0.4555	-0.0172	0.0217	0.4271	0.982947075559546	0.942016960302919	1.02565558165786	T	G
8	14218081	0.7087	-0.0429	0.0234	0.0669	0.958007185995754	0.915061502608439	1.00296839699115	T	C
8	14628926	0.3934	0.005	0.0221	0.8206	1.0050125208594	0.962408771663147	1.04950224564006	A	G
8	14976574	0.7869	0.0055	0.0262	0.8346	1.00551515276734	0.955183318861254	1.05849914092939	C	G
8	20681098	0.8313	-0.0759	0.0284	0.007439	0.926908892814274	0.876723163059794	0.97996737371428	A	G
8	22359156	0.4563	0.0148	0.0213	0.4868	1.0149100623037	0.973411857624903	1.05817740609672	A	G
8	34514573	0.7346	-0.0289	0.0236	0.2212	0.971513610970296	0.927598769632881	1.0175074905221	A	T
8	38025511	0.2284	0.028	0.0256	0.273	1.02839568442143	0.978068079919937	1.08131295300342	A	G
8	52811758	0.6755	0.0038	0.0226	0.8676	1.00380722915403	0.960313005755754	1.04927138054211	T	C
8	60720695	0.4432	0.0053	0.0211	0.7998	1.00531406984575	0.964586275139216	1.0477615171167	A	G
8	61791482	0.6736	-0.053	0.0226	0.0187	0.948380012482298	0.907287409309748	0.991333770144781	A	G
8	64717459	0.5392	0.0227	0.0211	0.2836	1.02295960562774	0.981516946004495	1.0661521016075	T	G
8	65543401	0.6998	0.0212	0.0231	0.3599	1.02142631647366	0.976211514863409	1.06873531411984	C	G
8	73889320	0.5478	0.0141	0.0213	0.5077	1.01419987385505	0.972730707754834	1.05743694110543	A	C
8	77632017	0.8403	-0.008	0.0285	0.7792	0.992031914837061	0.938136329423542	1.04902378171412	A	G
8	87677567	0.5543	-0.0143	0.0212	0.5003	0.985801759369535	0.945679086038564	1.02762673207351	T	C
8	92687716	0.5453	-0.0126	0.0211	0.5503	0.987479047651556	0.947473794431612	1.0291734455155	A	G
8	94583638	0.3307	0.0212	0.0226	0.3493	1.02142631647366	0.977168671077916	1.06768846655109	A	G
8	129800770	0.2998	-0.023	0.0237	0.3321	0.977262483773277	0.932904911745631	1.02372916056757	A	G
8	132855371	0.8057	-0.035	0.0271	0.1957	0.965605416257566	0.915654654622627	1.01828109014552	T	G
9	2977388	0.5934	0.0368	0.023	0.1095	1.03748550298647	0.991754184784928	1.08532556294734	A	G
9	8436261	0.0566	0.0355	0.0498	0.4761	1.03613764812806	0.939781384920515	1.14237336799256	A	T
9	10536719	0.2297	-0.0088	0.0254	0.7299	0.991238606670767	0.943099016754913	1.04183543604515	A	G
9	11274206	0.6093	0.0027	0.0218	0.9027	1.00270364828272	0.960762537424653	1.04647565565421	T	C
9	13704356	0.3344	0.0255	0.0223	0.2529	1.02582790627044	0.981956764108205	1.07165909105876	A	G
9	14066897	0.3125	-0.035	0.0236	0.138	0.965605416257566	0.921957640075463	1.01131958712293	T	C
9	14620925	0.7068	0.0358	0.0232	0.1224	1.03644853605336	0.990374623357222	1.08466588556731	C	G
9	17024177	0.5216	-0.0124	0.0214	0.5615	0.987676563211984	0.947106245908397	1.02998475380405	T	G
9	22731935	0.5513	0.0306	0.0211	0.1474	1.03107299219281	0.989301638928131	1.07460806026893	A	G
9	23740210	0.2682	0.0032	0.0259	0.9018	1.00320512546571	0.953549444015298	1.05544660539335	A	C
9	24190705	0.9618	0.0173	0.0662	0.7944	1.01745051169806	0.893640240810618	1.15841419900205	A	G
9	26722558	0.1703	0.0331	0.0283	0.2426	1.03365389946315	0.97788030887519	1.09260854746565	A	G
9	27878045	0.6416	0.0049	0.0223	0.8264	1.00491202463221	0.961935383010647	1.04980874504253	A	C
9	28108007	0.4614	0.0222	0.0214	0.3003	1.02244825367357	0.980449636289013	1.0662459271207	T	C
9	31246469	0.6542	-0.0058	0.0234	0.803	0.994216787528431	0.949647894935867	1.04087738821356	A	G
9	32349944	0.2105	0.0008	0.0258	0.9743	1.00080032008535	0.951450135328664	1.05271021937156	T	G
9	37005561	0.3605	0.0166	0.0222	0.454	1.01673854555709	0.973446901082556	1.06195547889866	A	G
9	37315476	0.3898	0.0198	0.0217	0.3618	1.01999732016142	0.977524425217514	1.06431563887007	T	C
9	81294157	0.3687	0.0197	0.0232	0.3969	1.01989532552922	0.974557263336023	1.06734259152271	T	G
9	82820997	0.1652	0.0146	0.0283	0.6048	1.01470710058809	0.959955835755351	1.07258111429024	T	C
9	91926088	0.0858	-0.0913	0.0396	0.021	0.912743846667685	0.84457984511343	0.986409200325914	T	C
9	96225478	0.8448	-0.0173	0.0307	0.5727	0.982848785766561	0.925452936716091	1.04380427935165	A	T
9	98270171	0.6692	-0.0447	0.0224	0.0454	0.956284324101839	0.915207924162269	0.999204316723957	A	G
9	100742225	0.5782	0.017	0.0221	0.4414	1.01714532232524	0.974027248361912	1.06217213991503	T	C
9	102175261	0.3592	-0.048	0.022	0.02926	0.953133787077505	0.912908155347422	0.995131887854562	C	G
9	114952087	0.7653	-0.0082	0.027	0.7609	0.991833528293409	0.940710347760893	1.04573501310841	C	G
9	119731359	0.7154	0.0323	0.0238	0.1742	1.03282730702464	0.985754442020711	1.08214804890868	T	C
9	120515918	0.3417	-0.0319	0.0224	0.1552	0.9686034375801	0.926997880339317	1.01207633716333	T	C
9	122673299	0.3857	-0.0459	0.022	0.03663	0.955137471162303	0.914827276845948	0.997223860621662	T	G
9	125647367	0.1277	0.0448	0.0365	0.2191	1.0458186752559	0.973614348349595	1.1233777556463	T	C
9	126584407	0.8439	-0.0042	0.0284	0.8834	0.995808807664954	0.941892622270649	1.05281128440366	A	G
9	127997592	0.5325	0.0076	0.0214	0.7239	1.00762895330189	0.966239061223457	1.05079182603802	A	G
9	129656760	0.2901	-0.0027	0.0239	0.9104	0.997303641721713	0.951663284030741	1.04513284318244	A	G
9	132969084	0.4386	0.0269	0.0224	0.2294	1.02726507111988	0.983139752068036	1.07337082456809	A	C
9	136930134	0.8237	-0.041	0.0288	0.1555	0.959829129947799	0.907149512103986	1.01556793715251	T	C
9	137946850	0.1453	-0.0038	0.0298	0.8972	0.996207210863348	0.939687411480773	1.05612653192006	A	G
9	140265782	0.1229	0.0249	0.0533	0.6409	1.02521259413878	0.923515218798513	1.13810887117615	T	C
10	1803525	0.588	-0.0009	0.0218	0.9675	0.999100404878527	0.957310010566996	1.04271511632603	T	C
10	5945672	0.5361	0.0331	0.0219	0.1303	1.03365389946315	0.990224097854699	1.07898846956981	T	G
10	7450208	0.1633	-0.0585	0.0308	0.05775	0.943178240399667	0.887924999126573	1.00186974579888	A	G
10	12756713	0.5456	0.0497	0.0211	0.01854	1.05095576234958	1.00837890819177	1.09533034204017	A	C
10	18549016	0.5488	-0.0238	0.0212	0.2614	0.976480986426877	0.936737673676687	1.01791050327961	A	G
10	22032942	0.2914	-0.0276	0.0232	0.2349	0.97277739994941	0.929533901175498	1.01803265986925	A	G
10	63646409	0.3307	0.0154	0.0224	0.4925	1.01551919106144	0.971898406544735	1.06109776543461	A	G
10	67769960	0.4736	0.0099	0.0213	0.6421	1.00994916711754	0.968653806268429	1.05300501950308	A	G
10	72884713	0.2628	0.0059	0.0251	0.8158	1.00591743928038	0.957627890255613	1.0566420474432	A	G
10	76848524	0.4125	-0.0217	0.0214	0.3094	0.978533751146938	0.938338988757117	1.02045029952555	T	C
10	77617557	0.6736	0.0043	0.0224	0.8485	1.00430925826542	0.961169987113751	1.04938470797078	A	G
10	81010850	0.3738	-0.0268	0.0229	0.2406	0.973555933241164	0.930824990038723	1.01824850567199	T	G
10	92803991	0.8261	-0.0026	0.0294	0.9287	0.99740337707257	0.94155360195395	1.05656597195453	T	C
10	99090390	0.6141	0.0157	0.0216	0.4684	1.01582389252169	0.973715609507312	1.05975314613684	A	G
10	99839373	0.8267	0.0295	0.0277	0.2862	1.02993943547189	0.975512797589401	1.08740269052487	A	G
10	104420754	0.2307	0.0106	0.0252	0.6725	1.01065637902982	0.961950774099903	1.06182805188697	T	C
10	106559287	0.2144	0.0155	0.0258	0.5467	1.01562074805831	0.96553975732169	1.06829935905256	T	C
10	106614571	0.3892	-0.008	0.0213	0.7066	0.992031914837061	0.951469164521662	1.03432392425459	A	G
10	110119994	0.4943	-0.0068	0.0213	0.7513	0.993223067683635	0.952611612850992	1.0355658579749	T	G
10	118914837	0.5805	0.0206	0.0236	0.3825	1.02081364450375	0.974670318535644	1.06914151071167	T	C
10	120159905	0.616	0.0189	0.0215	0.3789	1.01907973554828	0.97702796892008	1.06294143099409	A	G
10	125426627	0.6318	0.0349	0.0226	0.1221	1.03551615200667	0.990648004478128	1.08241645490578	T	G
10	134954751	0.59	0.0057	0.0239	0.8126	1.00571627590953	0.959690924504117	1.05394893481146	T	C
11	371325	0.8992	-0.0331	0.0514	0.5201	0.967441810570605	0.874726511295977	1.06998432624782	C	G
11	15714739	0.5345	-0.0127	0.0211	0.5465	0.987380304684022	0.94737905178938	1.02907053331664	A	G
11	16377044	0.6924	0.0076	0.0245	0.7565	1.00762895330189	0.960385992317645	1.05719587296567	T	C
11	20262014	0.4278	0.0193	0.0218	0.3754	1.01948744897975	0.976844304926879	1.06399213609076	T	C
11	24579950	0.6075	-0.0396	0.0214	0.06437	0.961173831801389	0.921692154506878	1.00234674931571	A	G
11	28591587	0.5999	0.0244	0.0218	0.262	1.02470011597193	0.981838936366318	1.06943235675585	T	C
11	29710982	0.652	-0.0052	0.0221	0.8144	0.994813496595767	0.952642096910346	1.03885173269037	A	C
11	30602310	0.407	-0.0168	0.0217	0.4393	0.983340333036021	0.942393842458446	1.02606592595391	A	G
11	31835468	0.8254	-0.0369	0.0281	0.1898	0.96377250778113	0.912127040331368	1.01834218884387	A	C
11	32927778	0.041	0.1423	0.0561	0.01115	1.1529224734027	1.03287275242594	1.28692544803316	T	G
11	38830472	0.6183	-0.0336	0.0224	0.1339	0.966958210575393	0.925423322695943	1.01035726901209	T	G
11	46077264	0.1741	0.0363	0.0283	0.2008	1.03696688989905	0.981014537955577	1.09611049494518	A	G
11	46327578	0.0476	0.0132	0.0522	0.8004	1.01328750459633	0.914743116607909	1.12244798384327	A	G
11	46447246	0.0937	-0.0607	0.0483	0.2093	0.941105529089222	0.856100074680771	1.0345515005504	T	C
11	48239731	0.0847	0.0389	0.0413	0.3466	1.03966651180047	0.958823755927617	1.12732548508212	T	C
11	57435296	0.3254	0.018	0.0223	0.4185	1.01816297638979	0.974619636996812	1.0636517130778	A	G
11	61251070	0.8758	0.0395	0.0373	0.2898	1.04029049888496	0.966950474940651	1.11919312324319	T	G
11	61571348	0.6998	0.0835	0.0232	0.0003157	1.08708521529288	1.0387603177602	1.13765826928823	C	G
11	63680719	0.5621	0.0325	0.0221	0.1415	1.03303389314397	0.989242282610503	1.0787640633072	T	C
11	63859751	0.7558	0.0477	0.0258	0.06379	1.04885595133583	0.997136108783065	1.10325841874805	A	G
11	70542984	0.4607	-0.0071	0.0213	0.7369	0.992925145453899	0.952325872230373	1.03525523481331	A	G
11	73311373	0.8113	0.0128	0.0334	0.7023	1.01288227064668	0.948698721706643	1.08140811273025	A	T
11	73525881	0.4378	0.0008	0.0226	0.972	1.00080032008535	0.957436383828843	1.04612828340352	A	G
11	83335034	0.3456	0.0379	0.0223	0.08995	1.03862736494869	0.994208833825945	1.08503039453894	T	C
11	85589298	0.2921	-0.0141	0.0233	0.5448	0.985998939438759	0.941983048302767	1.03207155407523	A	T
11	88726033	0.53	0.0043	0.0216	0.8434	1.00430925826542	0.962678283849158	1.04774056209591	T	C
11	112842749	0.8828	-0.0531	0.0329	0.1065	0.948285179222792	0.889065827080261	1.01144904431517	T	G
11	113304457	0.6113	-0.0612	0.0215	0.00446	0.940635093943265	0.901820302447563	0.981120493247159	A	G
11	113344912	0.616	0.0448	0.0218	0.03968	1.0458186752559	1.00207414807535	1.09147282525421	T	C
11	126702154	0.5781	-0.0262	0.022	0.2326	0.97414024207623	0.933028063321806	1.01706395395423	T	C
11	127028030	0.9216	-0.0022	0.0408	0.9578	0.997802418226309	0.92111719800755	1.08087186730619	C	G
11	131197431	0.2103	-0.0089	0.028	0.7497	0.991139487766128	0.938211383332012	1.04705346967813	A	T
11	131641026	0.5076	-0.025	0.0241	0.2994	0.975309912028333	0.93031131643118	1.02248506247326	A	C
11	133370326	0.1891	-0.0307	0.0302	0.3098	0.969766459378713	0.914029895169476	1.02890177958736	T	G
11	133745999	0.4379	-0.0156	0.0228	0.4943	0.984521049723991	0.941493344451686	1.02951518782549	A	G
11	133834104	0.5939	0.0546	0.027	0.04349	1.0561180829416	1.0016814119906	1.11351313078645	T	C
11	134326336	0.295	-0.0092	0.0263	0.7251	0.990842190516615	0.941060357107962	1.04325746918604	T	C
11	134773360	0.4029	-0.0313	0.0237	0.1853	0.969184774026142	0.92519384616818	1.01526737352872	T	C
12	2314825	0.3657	0.0141	0.0218	0.5175	1.01419987385505	0.97177789861397	1.05847373725485	A	G
12	11939528	0.1487	0.0323	0.0313	0.3032	1.03282730702464	0.971369837595364	1.0981731209366	A	G
12	16756508	0.5548	-0.0084	0.0245	0.7317	0.991635181423098	0.9451420928382	1.04041534123522	A	C
12	22473517	0.5019	-0.0105	0.0213	0.623	0.989554932567899	0.949093462475261	1.03174134401435	A	G
12	22890730	0.452	0.0009	0.0221	0.9687	1.00090040512153	0.958470973701347	1.0452080954562	A	C
12	24169797	0.7963	0.0115	0.0266	0.6666	1.0115663792096	0.960178571345576	1.06570441174628	T	C
12	33440641	0.4929	0.0137	0.0217	0.5277	1.01379427503068	0.971579676142032	1.05784307486351	T	C
12	39168233	0.5976	0.0027	0.0215	0.8992	1.00270364828272	0.961327631918158	1.04586050883957	T	C
12	40378739	0.1113	-0.005	0.0333	0.8804	0.995012479192682	0.932143971843349	1.06212115687591	A	C
12	43466513	0.3065	-0.002	0.0229	0.9314	0.998001998667333	0.95419807814784	1.04381680507815	A	C
12	54753185	0.5179	0.0227	0.0225	0.3129	1.02295960562774	0.978827355310705	1.06908164046345	T	C
12	56040943	0.5554	-0.0173	0.0216	0.422	0.982848785766561	0.942107398272061	1.02535203253318	A	C
12	57979190	0.7175	0.0061	0.0242	0.8019	1.00611864288793	0.959510519568906	1.05499075093147	C	G
12	60791165	0.39	0.0013	0.0217	0.9524	1.00130084536629	0.959606475418575	1.04480681259879	A	T
12	62561299	0.1035	0.0635	0.0342	0.06308	1.06555948580147	0.996474230174849	1.13943440121102	A	G
12	74538047	0.5902	-0.0147	0.0215	0.4923	0.985407517519414	0.944745216509071	1.0278199440605	A	G
12	77840997	0.6833	-0.0221	0.0239	0.3552	0.978142415918743	0.93337894783577	1.02505267344823	A	G
12	84585161	0.2778	0.0097	0.0235	0.6792	1.00974719748176	0.96429308547866	1.05734389074889	A	C
12	92758273	0.5096	-0.0034	0.0215	0.876	0.996605773454898	0.955481382552257	1.03950017846561	A	G
12	103535020	0.4642	0.0114	0.021	0.5854	1.01146522762934	0.970678468427627	1.05396579812932	A	G
12	109898732	0.5411	0.0077	0.0209	0.7112	1.00772972123553	0.967283163123117	1.04986753597838	A	G
12	110297222	0.4431	-0.018	0.0213	0.3985	0.982161032358301	0.942001888152131	1.02403222925105	A	G
12	112964847	0.1047	-0.0383	0.038	0.3129	0.962424170326683	0.893347174877072	1.03684246133812	T	C
12	117676279	0.7933	-0.0018	0.0265	0.9447	0.998201619028437	0.94767847087547	1.05141828463245	A	T
12	118828801	0.8302	-0.0127	0.0285	0.655	0.987380304684022	0.933737434176711	1.04410493827691	A	G
12	121207147	0.4707	-0.0009	0.0209	0.9647	0.999100404878527	0.959000195730672	1.04087738821356	T	C
12	121907336	0.4727	-0.0443	0.0224	0.04781	0.956666914344427	0.915574080558331	0.999604078397651	A	G
12	123853449	0.208	-0.0262	0.028	0.3484	0.97414024207623	0.922119918900234	1.02909523130582	C	G
12	131530428	0.5424	-0.0134	0.0233	0.5656	0.986689380322482	0.942642667276286	1.03279425707962	T	C
13	26036921	0.2051	0.0043	0.0265	0.8717	1.00430925826542	0.953476977011334	1.05785153764196	T	C
13	37518022	0.3767	-0.0285	0.0228	0.2118	0.971902294146137	0.929426081496624	1.0163197355571	T	C
13	42805360	0.1558	-0.0123	0.0291	0.672	0.987775335806853	0.93301313499222	1.04575174500247	T	C
13	54034124	0.3845	-0.0137	0.0219	0.5304	0.986393417904968	0.94494930351644	1.02965521141243	A	T
13	58291621	0.765	0.022	0.0248	0.3738	1.02224378447044	0.973742873926078	1.07316046450243	A	G
13	60374299	0.2458	0.0315	0.0245	0.1991	1.03200137559565	0.98361570687981	1.08276721465718	T	C
13	66596810	0.8229	-0.0091	0.0275	0.7394	0.990941279690043	0.938943473689133	1.0458186752559	T	C
13	66951829	0.4821	-0.0228	0.022	0.3006	0.977457955816584	0.936205757756461	1.02052785669544	A	G
13	67592704	0.8926	0.0182	0.0347	0.6006	1.01836662934969	0.9514082724437	1.09003739173859	T	C
13	67803436	0.213	0.0133	0.0261	0.6087	1.0133888384134	0.962851581536575	1.06657864775168	A	C
13	69566706	0.7373	0.0003	0.0246	0.9903	1.0003000450045	0.953213853678369	1.04971216708064	A	G
13	78950611	0.3509	0.0207	0.023	0.3687	1.02091573097243	0.975914791667102	1.06799173313741	T	C
13	78981531	0.208	-0.0149	0.0264	0.5733	0.985210455722747	0.935528190096935	1.0375311533529	T	C
13	79308251	0.4001	0.017	0.023	0.4601	1.01714532232524	0.972310578843463	1.06404746512038	A	G
13	79989381	0.4046	-0.012	0.0215	0.5788	0.988071712861931	0.947299475291289	1.0305988076872	T	C
13	80919712	0.3718	0.0	0.0232	0.9995	1.0	0.955546357495394	1.04652170159606	T	C
13	82744744	0.3797	0.0379	0.0227	0.09566	1.03862736494869	0.993429679568604	1.08588139191564	A	T
13	85234525	0.182	0.0226	0.0279	0.4187	1.02285731478181	0.968425230943099	1.08034885190236	T	G
13	91979840	0.1032	0.0315	0.0353	0.372	1.03200137559565	0.963013354190795	1.10593153729029	A	C
13	92878118	0.2047	0.0154	0.0271	0.5697	1.01551919106144	0.962986390194376	1.07091775949805	A	C
13	94022948	0.4488	-0.0301	0.0214	0.1587	0.970348493847219	0.930489953352531	1.01191441790327	A	G
13	97027206	0.9268	0.0807	0.042	0.05458	1.0840456340896	0.998381311491699	1.17706023065767	A	G
13	99109816	0.6273	-0.0196	0.0232	0.3984	0.980590831202428	0.936999996948861	1.02620958523946	T	G
14	33772933	0.2967	-0.045	0.0236	0.05648	0.9559974818331	0.912784008280487	1.00125678909833	A	G
14	38972370	0.4278	0.008	0.0215	0.7083	1.00803208550427	0.966436194098816	1.05141828463245	A	C
14	39795207	0.5455	-0.0314	0.0212	0.139	0.969087860394501	0.929645451936551	1.01020370637826	T	G
14	42074726	0.4946	-0.0105	0.0212	0.6197	0.989554932567899	0.949279503025284	1.03153914252732	A	G
14	43069527	0.638	-0.0128	0.0226	0.5728	0.987281571590291	0.944503392688414	1.0319972475984	A	G
14	47238606	0.3617	-0.0193	0.0235	0.4125	0.980885052582789	0.936730179805273	1.02712126407665	T	C
14	64743301	0.5652	-0.0145	0.0214	0.498	0.985604618732382	0.94511940970017	1.02782405534849	A	G
14	69498110	0.6569	-0.0382	0.0223	0.08561	0.962520417555997	0.921356719615491	1.00552319692073	T	C
14	73439505	0.3985	0.0128	0.0217	0.5563	1.01288227064668	0.970705647805253	1.05689144439408	A	T
14	75355203	0.473	0.0034	0.0211	0.8705	1.00340578655624	0.962755301192519	1.04577266024652	T	C
14	82891741	0.8658	-0.0198	0.0313	0.5268	0.980394732646697	0.922057216877641	1.04242319696408	T	C
14	87407495	0.9568	-0.0702	0.0583	0.229	0.9322073597886	0.831546548963224	1.04505341610463	A	G
14	91463489	0.749	-0.0378	0.0244	0.1222	0.96290550273492	0.917939311522121	1.01007440857907	A	C
14	98496873	0.9125	-0.046	0.0378	0.2237	0.955041962190715	0.886842391152782	1.02848618722372	T	C
14	98659847	0.7914	-0.007	0.0265	0.792	0.993024442933235	0.942763333260155	1.04596510011993	A	G
14	103370163	0.222	-0.0266	0.0254	0.295	0.973750663900229	0.926460377459623	1.02345483791341	T	C
14	104079924	0.3618	0.0145	0.0224	0.5173	1.0146056349514	0.971024091479641	1.06014320706142	A	G
15	29853387	0.8847	-0.0159	0.035	0.6505	0.984225737708091	0.918971655376832	1.05411336367041	T	C
15	37436748	0.7266	0.0081	0.0245	0.741	1.00813289375315	0.960866305382064	1.05772460307367	A	G
15	37658915	0.4691	-0.0156	0.0216	0.4723	0.984521049723991	0.943710342966071	1.02709661346212	T	C
15	38843887	0.7476	-0.0035	0.0246	0.887	0.996506117860415	0.949598514529232	1.04573083017672	A	G
15	40968531	0.4962	-0.0316	0.0212	0.1368	0.968894062202888	0.929459541437833	1.01000168583971	T	C
15	43644760	0.6925	-0.0101	0.0246	0.6804	0.989950833715877	0.943351801163001	1.03885173269037	T	C
15	47685416	0.6542	-0.0101	0.0225	0.6527	0.989950833715877	0.947242639027877	1.03458460672812	A	T
15	47956756	0.2614	0.0163	0.0241	0.498	1.01643356974208	0.969537621498231	1.06559784663345	A	G
15	63904280	0.8024	-0.0395	0.0266	0.1374	0.961269953990598	0.912437216251999	1.01271617157479	C	G
15	66393606	0.2082	-0.0183	0.0266	0.4923	0.98186642824142	0.931987384809759	1.03441494876495	T	C
15	74012409	0.5995	0.0089	0.0224	0.69	1.00893972275673	0.965601553843626	1.05422299716107	T	C
15	74171368	0.4557	-0.0173	0.0215	0.4206	0.982848785766561	0.942292069419303	1.02515108322848	A	G
15	78101909	0.4293	0.006	0.0214	0.7796	1.00601803605406	0.964694314852142	1.04911190341284	A	G
15	88427589	0.7315	-0.0081	0.024	0.7366	0.991932716605571	0.946352649307892	1.03970809929269	T	C
15	88945878	0.7778	0.0205	0.0281	0.4642	1.02071156824319	0.966014919762668	1.07850519099792	C	G
15	91426560	0.5584	0.0181	0.0244	0.4588	1.01826479777842	0.970713413481498	1.06814553502045	A	G
15	91573449	0.4334	-0.0142	0.0227	0.5331	0.985900344474645	0.942997167561059	1.03075547061205	T	C
15	96957969	0.8773	-0.0225	0.0383	0.5567	0.977751237193336	0.907040660693749	1.05397422988944	A	G
16	6319505	0.6699	-0.0275	0.0236	0.2435	0.972874682553454	0.928898317381532	1.01893299863168	A	G
16	6639512	0.4655	-0.0249	0.0216	0.2485	0.975407447896248	0.934974521310528	1.01758889437746	A	G
16	7662811	0.3912	-0.0134	0.0217	0.5354	0.986689380322482	0.945603434737773	1.02956048749034	A	G
16	13088905	0.7304	0.0478	0.0252	0.05802	1.04896084217542	0.99840926655979	1.10207195112354	T	C
16	13802379	0.1838	0.0771	0.0274	0.004807	1.08015008600063	1.02367183333975	1.13974436952192	T	C
16	15558272	0.3772	-0.0122	0.022	0.5795	0.987874118279475	0.94618232116101	1.03140298834688	A	G
16	17164470	0.3511	0.0088	0.0229	0.7006	1.00883883382898	0.964559267101626	1.05515112171348	T	C
16	17965261	0.6641	-0.0152	0.0228	0.5033	0.984914936916067	0.941870017118978	1.02992707627282	T	C
16	21630698	0.3292	-0.0162	0.0228	0.4781	0.983930514272508	0.940928617879928	1.02889766398848	T	G
16	23191250	0.3246	0.0225	0.0227	0.3218	1.02275503416445	0.978248061004394	1.06928692384499	A	G
16	25353267	0.1589	-0.015	0.0296	0.6123	0.985111939603063	0.929585956531501	1.04395459799055	T	G
16	49590802	0.0622	-0.0699	0.0473	0.14	0.932487063950063	0.849924293444769	1.02307009123127	A	G
16	49820598	0.2349	-0.0125	0.0254	0.6232	0.987577800493881	0.939615997951249	1.03798776750812	T	C
16	51212775	0.1944	0.0376	0.0324	0.2459	1.03831582347277	0.974428630267232	1.10639170051712	T	C
16	53812614	0.4894	0.0268	0.0214	0.2105	1.02716234974892	0.98497009369691	1.07116195658463	A	G
16	54128197	0.3145	0.0326	0.0231	0.1584	1.03313720169863	0.987404002095702	1.08098860777174	A	C
16	56364030	0.3369	-0.0154	0.0227	0.4979	0.98471797362567	0.941866249646444	1.02951930589448	C	G
16	60644621	0.3493	0.0092	0.0222	0.678	1.00924245008038	0.966269981368136	1.05412601310667	T	C
16	61037218	0.2496	-0.0237	0.0246	0.3365	0.976578639408087	0.930609063689459	1.02481898807983	A	G
16	62779700	0.4301	-0.0129	0.022	0.5584	0.987182848369375	0.945520225296785	1.03068125888982	T	C
16	65841162	0.3501	0.0196	0.0224	0.3808	1.01979334109597	0.975988964009782	1.06556374804793	T	C
16	69588572	0.5769	0.0307	0.0244	0.2089	1.03117610464756	0.983021782376111	1.08168931539432	T	C
16	72225733	0.4991	-0.0372	0.0211	0.07805	0.963483419394222	0.924450289265789	1.00416464814441	A	G
16	72985338	0.7519	0.002	0.0253	0.938	1.002002001334	0.953526559103262	1.05294184109728	T	C
16	77029097	0.1529	-0.0302	0.0293	0.3025	0.970251463849415	0.916101603140651	1.02760206932789	A	T
16	77195686	0.6732	0.0108	0.0226	0.6326	1.0108585305201	0.967058779458784	1.0566420474432	T	C
16	82876533	0.3364	0.0356	0.0227	0.1167	1.03624126707374	0.991147416913747	1.0833867346698	T	C
16	87883089	0.306	-0.052	0.0249	0.03687	0.94932886684289	0.90411022112419	0.996809101771466	T	C
17	2314024	0.6977	-0.0156	0.0247	0.5274	0.984521049723991	0.937993743538271	1.03335625000369	A	G
17	8068045	0.3527	-0.0037	0.0223	0.8688	0.996306836565637	0.953698209331958	1.04081910071189	C	G
17	11211438	0.3803	-0.0631	0.0221	0.004353	0.938849584036325	0.89905056523695	0.980410419087911	T	G
17	27368639	0.0794	0.0629	0.0392	0.1083	1.06492034187234	0.986164601175781	1.14996556678408	A	G
17	31570600	0.759	0.0002	0.0261	0.9942	1.00020002000133	0.950320483713814	1.05269758692472	T	C
17	38218804	0.663	-0.0006	0.0235	0.9806	0.999400179964005	0.954411842458054	1.04650914341099	A	G
17	44068492	0.7738	-0.055	0.0459	0.2309	0.946485147953484	0.865053434473834	1.03558242716118	A	G
17	45558090	0.4859	0.0072	0.022	0.7415	1.00722598232014	0.964717467793533	1.05160755695769	T	C
17	46643389	0.4337	0.0507	0.0212	0.01659	1.05200724376501	1.00918997083745	1.09664114083068	A	G
17	57211213	0.3126	0.0149	0.0228	0.5133	1.01501155838465	0.970651289811014	1.061399159996	A	G
17	63380264	0.9379	0.0383	0.0507	0.4505	1.03904289899594	0.940755502941301	1.14759907603884	T	C
17	65845918	0.799	-0.0408	0.0285	0.1524	0.960021114971651	0.907864627638041	1.01517397322684	A	G
17	73818872	0.1977	-0.0483	0.0263	0.06676	0.952847889828113	0.904974963776712	1.00325328046744	A	G
17	77810623	0.1443	0.0156	0.0369	0.6722	1.01572231521139	0.944854813310678	1.09190513408451	T	C
17	79992815	0.8484	-0.0032	0.0386	0.9339	0.996805114543033	0.924172995775113	1.07514549864746	A	G
18	4587928	0.2972	-0.0156	0.0236	0.5089	0.984521049723991	0.94001823967196	1.03113073389712	T	C
18	21131929	0.5224	0.0092	0.021	0.6596	1.00924245008038	0.968545323117296	1.05164962210126	T	C
18	25362907	0.3545	-0.0345	0.0242	0.1546	0.966088339686492	0.921334607319569	1.01301597993103	C	G
18	26481458	0.5507	-0.0035	0.0214	0.868	0.996506117860415	0.955573113167981	1.03919253194671	A	G
18	30621913	0.0825	0.0017	0.0383	0.9637	1.00170144581918	0.929258799857754	1.07979153569472	T	G
18	31399468	0.5258	-0.0014	0.021	0.9458	0.998600979542827	0.958332963818084	1.04056100957953	A	G
18	35138245	0.3337	0.0002	0.0228	0.9931	1.00020002000133	0.956487077869688	1.04591071134885	A	G
18	36844401	0.9065	-0.0647	0.037	0.08048	0.93734862578867	0.871778413782492	1.00785065605802	A	T
18	39294665	0.8824	0.0246	0.0328	0.4528	1.02490507649049	0.961089252225746	1.09295823814837	A	G
18	42260348	0.2531	-0.024	0.025	0.3373	0.976285709757909	0.929600830025793	1.02531512052443	T	C
18	50754996	0.462	0.0227	0.0209	0.2792	1.02295960562774	0.981901776069094	1.06573425188757	A	G
18	52471537	0.8073	0.0064	0.0274	0.8139	1.00642052376066	0.953797399103507	1.06194698328881	A	G
18	52754086	0.2444	0.0092	0.0256	0.7197	1.00924245008038	0.959852166123351	1.06117416722416	A	G
18	53099012	0.6932	-0.0216	0.0232	0.351	0.978631609414885	0.935127869706248	1.02415921712056	C	G
18	60243876	0.2896	-0.0125	0.0236	0.5958	0.987577800493881	0.942936817673552	1.03433219887909	A	G
18	63494190	0.2869	-0.0432	0.0236	0.06733	0.957719826945968	0.914428499093111	1.00306067432837	A	T
18	74661760	0.5843	0.0026	0.0216	0.9058	1.00260338293124	0.961043121048796	1.0459609162679	A	G
18	77574374	0.1921	-0.008	0.031	0.7956	0.992031914837061	0.93355070536338	1.05417661236967	T	C
19	4044579	0.162	-0.0542	0.0342	0.1125	0.947242639027877	0.885828423557352	1.01291468339795	A	G
19	18597196	0.1196	-0.0516	0.0359	0.1515	0.949708674346063	0.885180234417476	1.01894115012827	A	G
19	31891006	0.5811	-0.0027	0.0214	0.8984	0.997303641721713	0.95633787752347	1.04002421860257	A	G
19	47758145	0.4071	-0.0114	0.0231	0.6221	0.988664733778132	0.944900167430207	1.03445632619044	A	G
20	31074372	0.3269	0.0064	0.0225	0.775	1.00642052376066	0.963001798099882	1.051796863355	A	G
20	36288210	0.418	0.0168	0.0219	0.4429	1.01694191360233	0.974214279548016	1.06154352009802	T	C
20	39832628	0.8135	-0.0623	0.0274	0.02267	0.939600964215552	0.890471661403703	0.991440839973624	T	C
20	42015801	0.8171	-0.0344	0.0278	0.2163	0.966184953351063	0.914948042016818	1.02029112169501	A	T
20	44688665	0.2684	0.0402	0.0236	0.0883	1.04101895716483	0.993962300606539	1.09030339331304	A	G
20	44912642	0.5297	-0.0753	0.0214	0.0004221	0.927465205026937	0.889368160855298	0.967194177165527	A	G
20	45840459	0.6252	-0.0091	0.0231	0.6936	0.990941279690043	0.947075938993441	1.03683831397657	A	C
20	47621372	0.5865	0.0037	0.0213	0.8618	1.00370685344998	0.962666731779064	1.04649658537662	A	G
20	48090779	0.1917	-0.001	0.027	0.9711	0.999000499833375	0.947507904102182	1.05329147582468	A	G
20	51205902	0.8138	0.0028	0.0273	0.9169	1.00280392366123	0.950556192420446	1.05792347399233	A	T
20	59008217	0.7893	-0.0155	0.026	0.5506	0.984619506751733	0.935700343121505	1.03609620345104	C	G
20	59770941	0.4025	-0.0245	0.0221	0.2674	0.975797688918407	0.934432393320483	1.01899413644571	A	G
20	62846274	0.2364	0.0227	0.0303	0.4544	1.02295960562774	0.963976849212206	1.08555133414382	T	C
21	38817699	0.2324	-0.0051	0.0285	0.8571	0.99491298291966	0.940860873458269	1.05207036609329	T	C
21	46488169	0.6105	0.016	0.0225	0.4786	1.01612868540609	0.972291132826346	1.06194273550937	A	C
22	23412017	0.3737	-0.0522	0.0243	0.03141	0.949139020054833	0.904993063456984	0.995438435681963	A	G
22	31213097	0.2019	-0.0169	0.0266	0.526	0.983242003919255	0.933293080922508	1.03586414389311	T	C
22	37004171	0.7212	0.0099	0.0264	0.7068	1.00994916711754	0.959019375926388	1.06358364154648	T	C
22	41408754	0.735	0.006	0.0241	0.8019	1.00601803605406	0.95960263700035	1.05467851988167	T	C
22	46459132	0.3455	-0.0362	0.0233	0.1194	0.964447384715946	0.921393574621371	1.00951296330415	T	G
22	48873919	0.4792	0.0145	0.0218	0.5062	1.0146056349514	0.972166687526014	1.05889721143894	T	C
22	49610444	0.4176	0.0103	0.0217	0.6367	1.0103532275911	0.968281914614589	1.05425251581825	A	G
22	50180497	0.806	0.0097	0.0276	0.7257	1.00974719748176	0.95657507872883	1.0658749380939	A	C
22	50624909	0.3686	-0.0199	0.0232	0.3895	0.980296698075243	0.93671893911056	1.02590176853871	C	G
