chromosome	base_pair_location	effect_allele_frequency	beta	standard_error	p_value	odds_ratio	ci_lower	ci_upper	effect_allele	other_allele
1	183090497	0.4502	-0.0262	0.0065	5.242e-05	0.97414024207623	0.961808415920101	0.986630180735668	A	G
2	43627715	0.6481	0.0357	0.0068	1.745e-07	1.03634489638182	1.02262412989812	1.05024975732154	A	T
2	164788513	0.339	0.0283	0.0068	3.214e-05	1.02870424940919	1.01508464184783	1.04250659415568	C	G
3	146378341	0.6203	-0.0306	0.0066	4.089e-06	0.969863440873644	0.957398087139429	0.982491093912409	T	C
6	43269029	0.4082	0.0313	0.0065	1.697e-06	1.03179499595918	1.01873330733433	1.04502415501864	A	C
7	27316640	0.8863	-0.0394	0.0101	0.0001027	0.961366085792507	0.942522016736674	0.980586908846948	A	G
8	26024889	0.752	0.0319	0.0075	1.931e-05	1.032414258717	1.01734877173397	1.04770284411461	A	G
12	52263869	0.3393	-0.0404	0.0075	6.835e-08	0.96040520022957	0.946390504170956	0.974627433985096	A	T
12	90050503	0.8445	0.0281	0.0091	0.001906	1.02849852913202	1.0103168555296	1.047007400339	A	G
15	81359137	0.7384	-0.0274	0.0079	0.000545	0.972971974886245	0.958022514233355	0.988154714371826	A	G
17	45066225	0.2707	0.0317	0.0075	2.281e-05	1.03220779651217	1.01714532232524	1.04749332449844	A	G
3	16665458	0.0628	-0.0013	0.0148	0.9311	0.998700844633952	0.970146682349622	1.02809543671987	A	G
9	114518297	0.5695	-0.0292	0.0065	6.983e-06	0.971222200600746	0.958927314485319	0.983674725592767	C	G
12	85397831	0.9469	-0.002	0.0156	0.8991	0.998001998667333	0.967948882920697	1.02898821096691	T	C
1	169100169	0.5693	-0.0302	0.0065	3.446e-06	0.970251463849415	0.95796886647471	0.982691542540632	A	G
8	141937541	0.4766	-0.0313	0.0064	1.206e-06	0.969184774026142	0.957103253935234	0.981418799217316	T	C
18	21101944	0.3532	0.0254	0.0069	0.0002251	1.02572532860879	1.01194679968275	1.03969146409618	A	G
