chromosome	base_pair_location	effect_allele_frequency	beta	standard_error	p_value	odds_ratio	ci_lower	ci_upper	effect_allele	other_allele
1	8482078	0.562	0.0064	0.0208	0.7571	1.00642052376066	0.966215871764262	1.04829810836911	T	C
1	16126676	0.3372	-0.0008	0.0217	0.9709	0.999200319914684	0.957593416272099	1.04261502047954	A	G
1	18123443	0.8551	0.0491	0.0289	0.08933	1.05032537802638	0.992484384545479	1.11153728653522	T	G
1	32207581	0.8163	-0.0106	0.0278	0.7043	0.989455982022252	0.936985005068845	1.04486532341858	T	G
1	37167333	0.3126	0.0183	0.0217	0.3995	1.01846847110463	0.976059237745015	1.0627203621684	T	G
1	37672580	0.7082	-0.0121	0.022	0.5829	0.987972910630838	0.946276944124195	1.0315061338029	A	C
1	38431554	0.721	-0.0109	0.0223	0.6238	0.989159189748713	0.946856242861332	1.03335211658696	T	C
1	41104664	0.4716	0.0271	0.02	0.1758	1.02747054468078	0.987972910630838	1.06854723325615	A	G
1	50316592	0.2206	0.0187	0.0239	0.433	1.01887593998141	0.972248352957666	1.06773971682748	T	C
1	50456837	0.1012	-0.0493	0.0339	0.145	0.951895518203462	0.890703214136219	1.01729180179792	T	C
1	52339759	0.4699	0.002	0.02	0.9203	1.002002001334	0.963483419394222	1.04206049680502	T	C
1	61738270	0.4627	-0.0076	0.0215	0.7249	0.992428806976131	0.951476776305425	1.03514343328534	T	C
1	66461401	0.5293	0.0399	0.0198	0.04357	1.04070669831885	1.00109259644909	1.08188836454031	A	G
1	67500894	0.207	0.0206	0.0247	0.4031	1.02081364450375	0.97257119299933	1.07144906646	T	C
1	72747844	0.4987	-0.0134	0.0205	0.5135	0.986689380322482	0.947830111561741	1.02714180670736	T	C
1	72891435	0.1882	0.0221	0.0252	0.3808	1.02234601396027	0.973077061534109	1.07410955779048	A	G
1	73661616	0.5035	0.0137	0.0196	0.4847	1.01379427503068	0.975586939379371	1.05349794118688	T	C
1	80831434	0.282	0.0211	0.0217	0.3303	1.02132417894897	0.978796033336489	1.06570014893716	A	G
1	84119728	0.4314	0.0199	0.0202	0.3249	1.02009932499359	0.980500620995691	1.06129727056741	T	C
1	87370742	0.8536	-0.029	0.0282	0.3038	0.971416464466605	0.919181204801984	1.02662015118127	A	G
1	87950184	0.6013	0.0336	0.0212	0.1129	1.03417085564116	0.992079533511812	1.07804800172791	A	G
1	88846367	0.6572	-0.0099	0.0212	0.6394	0.990148843682957	0.949849241631589	1.03215825172702	A	T
1	96835923	0.7617	0.0291	0.0236	0.2188	1.02952754208187	0.982990326182377	1.07826794595382	C	G
1	118013322	0.6696	0.0315	0.0214	0.1404	1.03200137559565	0.989610349195774	1.0762082673214	A	G
1	154207635	0.1033	-0.0649	0.0365	0.07501	0.937161174809235	0.8724586662092	1.00666209367359	T	G
1	154555733	0.7169	0.047	0.0233	0.04391	1.04812200907966	1.00133288750601	1.09709743844859	A	T
1	168904381	0.0891	0.0516	0.0366	0.1592	1.05295447647518	0.980065375351652	1.13126446195624	C	G
1	173868955	0.2088	0.0298	0.0247	0.2269	1.03024846365444	0.981560133700242	1.08135188097043	T	C
1	176318604	0.4426	-0.0186	0.0207	0.3685	0.981571912492519	0.942544637536524	1.02221516204519	T	C
1	177394187	0.8376	0.0255	0.0271	0.3472	1.02582790627044	0.972761835635526	1.08178883538919	A	G
1	181591756	0.0661	0.0565	0.0406	0.1637	1.05812661480023	0.977188214646773	1.14576896872759	T	C
1	190048077	0.6667	-0.018	0.0222	0.4168	0.982161032358301	0.940341661571785	1.02584021627918	T	C
1	191349614	0.4744	-0.0442	0.0199	0.02682	0.956762585819355	0.920163414735456	0.994817475857712	T	C
1	197446702	0.4259	0.0247	0.0205	0.2288	1.02500757212284	0.984639199338793	1.0670309729845	T	G
1	198447754	0.9472	-0.0214	0.0472	0.6494	0.978827355310705	0.89233647803745	1.07370147369941	T	C
1	201763184	0.3354	-0.0341	0.0209	0.1034	0.966474852319739	0.927684112645406	1.0068876112396	T	C
1	214124818	0.4172	0.0224	0.0202	0.266	1.02265276377463	0.982954939167604	1.06395383306332	T	C
1	214423797	0.2792	0.0531	0.0233	0.02236	1.05453509335619	1.0074596858566	1.10381018588772	A	T
1	216292566	0.5051	0.039	0.0203	0.05498	1.03977048365016	0.999212310390465	1.08197491907161	T	G
1	217064958	0.6493	0.0194	0.0225	0.3905	1.01958940282226	0.975602548895276	1.06555948580147	A	G
1	227004367	0.5343	0.0071	0.0198	0.7209	1.00712526475787	0.968789427294556	1.04697808454221	A	G
1	241806189	0.6446	0.0442	0.0231	0.05513	1.04519137226046	0.998924578680428	1.09360108657131	T	C
1	244340598	0.8085	0.0016	0.0268	0.952	1.00160128068294	0.950347093059887	1.05561971283105	T	C
1	246194044	0.7828	-0.0068	0.0243	0.7786	0.993223067683635	0.947026692325038	1.04167292239352	C	G
2	5891511	0.7655	-0.025	0.024	0.297	0.975309912028333	0.930493675319788	1.02228467503962	A	G
2	10182496	0.1942	0.0352	0.0266	0.1861	1.03582685345516	0.983206607844248	1.0912632825885	A	G
2	15410107	0.5412	0.0133	0.0196	0.4986	1.0133888384134	0.975196782640169	1.05307662627901	A	G
2	22171546	0.5227	-0.0081	0.021	0.7013	0.991932716605571	0.951933594785716	1.03361255413409	A	G
2	22558876	0.382	0.0269	0.0202	0.1834	1.02726507111988	0.987388203758056	1.06875241402166	A	G
2	22888130	0.3546	0.0007	0.0209	0.9736	1.00070024505718	0.960535824219031	1.04254412506862	A	G
2	24133027	0.8554	-0.0339	0.0293	0.2482	0.966668166620989	0.91271829019777	1.02380696694038	T	C
2	28042059	0.197	0.0234	0.0246	0.3427	1.02367592803528	0.975489385563205	1.07424275563374	T	C
2	34356201	0.3285	0.0219	0.0217	0.3127	1.02214156520304	0.97957938346143	1.06655305017131	A	G
2	44207974	0.362	-0.0242	0.0204	0.2351	0.97609047214037	0.937832422488391	1.01590922531259	C	G
2	50392938	0.9286	-0.0124	0.0403	0.7578	0.987676563211984	0.912663528743219	1.06885501917838	A	G
2	50970292	0.7965	0.0223	0.0249	0.3709	1.02255050361135	0.973844148451151	1.07369288412198	T	G
2	50976459	0.124	-0.0211	0.0308	0.4933	0.979121047568934	0.921762205772535	1.04004917948335	T	G
2	57987593	0.5339	-0.0198	0.0196	0.3131	0.980394732646697	0.943446141060033	1.01879035799695	T	C
2	58667149	0.1246	0.0022	0.03	0.9421	1.00220242177564	0.944971982571872	1.0628989141872	A	G
2	58881871	0.8652	0.0308	0.0295	0.2959	1.03127922741408	0.973341774494177	1.09266536458735	A	G
2	58969692	0.9734	0.0097	0.0666	0.8848	1.00974719748176	0.886179281078285	1.1505452955091	A	T
2	60159532	0.3496	-0.0364	0.0209	0.0805	0.964254514526665	0.925552891030692	1.00457443091086	A	G
2	60477052	0.371	0.0099	0.0207	0.6319	1.00994916711754	0.969793613219727	1.05176741345513	A	T
2	71563549	0.4348	0.0681	0.0211	0.001218	1.07047235036163	1.0271048302679	1.11567098033203	T	G
2	76776812	0.2524	0.0124	0.0229	0.5882	1.0124771987582	0.968037938314411	1.05895651134317	T	C
2	86825143	0.1446	0.0263	0.0281	0.35	1.02664889694795	0.971634086127361	1.08477869668549	T	C
2	100109001	0.4243	0.0076	0.0202	0.7071	1.00762895330189	0.968514330162846	1.04832326782562	T	C
2	104489351	0.3228	-0.0026	0.0215	0.9028	0.99740337707257	0.956246073493892	1.04033211133716	T	C
2	104984959	0.7853	-0.0162	0.0241	0.5016	0.983930514272508	0.938534183566335	1.03152263803307	A	G
2	113234316	0.2828	-0.0027	0.0232	0.906	0.997303641721713	0.952969862164074	1.04369990414256	T	C
2	125052996	0.3374	0.0175	0.0214	0.4128	1.01765402215076	0.975852335119066	1.06124632952102	A	T
2	125278565	0.3166	-0.0214	0.0217	0.3254	0.978827355310705	0.938068786039414	1.02135686184562	T	C
2	138394450	0.2848	0.0274	0.0222	0.2171	1.02777883208498	0.984017103967655	1.07348675487727	T	G
2	142489456	0.1303	0.0399	0.0301	0.1843	1.04070669831885	0.981085173545161	1.10395148263431	T	C
2	144074905	0.3752	-0.0311	0.0209	0.1376	0.969378630365935	0.93047134373956	1.00991280960197	A	G
2	144158287	0.432	-0.0131	0.0202	0.5176	0.986985431542042	0.948672158514322	1.02684603246056	T	C
2	145792165	0.2644	0.0232	0.0221	0.295	1.02347121332182	0.980084976855173	1.0687780643874	T	C
2	146681518	0.7574	0.0023	0.0234	0.9208	1.002302647029	0.957371280368285	1.04934273342196	T	C
2	148993376	0.1016	0.0091	0.034	0.7882	1.00914153088142	0.944084126266094	1.07868208035378	A	G
2	153268611	0.2558	0.0383	0.0225	0.08887	1.03904289899594	0.994216787528431	1.08589007900153	A	G
2	155246261	0.6963	0.0207	0.0216	0.3391	1.02091573097243	0.978596379311092	1.06506518088766	A	G
2	155945716	0.4836	0.0031	0.0198	0.8738	1.00310480996902	0.964922009577368	1.04279853687211	A	G
2	157145541	0.2045	-0.0076	0.0247	0.7583	0.992428806976131	0.945527789488844	1.04165625576009	T	G
2	160354670	0.2026	0.0067	0.025	0.7893	1.00672249521124	0.958582162783138	1.05728045201863	A	G
2	161440199	0.3327	-0.0109	0.0217	0.6163	0.989159189748713	0.9479704007994	1.03213760876842	A	C
2	162033854	0.6879	-0.0047	0.0214	0.8276	0.99531102771648	0.954427113169699	1.0379462488278	T	C
2	162226838	0.2168	0.0145	0.0242	0.5488	1.0146056349514	0.967604354448084	1.06388999774842	A	G
2	164915279	0.7726	0.0006	0.0237	0.9796	1.00060018003601	0.955183318861255	1.04817651284121	A	G
2	165045101	0.5657	0.0598	0.0201	0.002856	1.06162420047137	1.02061358463593	1.10428271776189	A	G
2	172865775	0.4246	0.0081	0.02	0.6864	1.00813289375315	0.969378630365935	1.04843649285259	A	G
2	173797297	0.6702	-0.02	0.0225	0.375	0.980198673306755	0.937911203720645	1.02439275204403	A	G
2	175239185	0.4412	0.0315	0.02	0.115	1.03200137559565	0.992329569057412	1.07325919980692	A	C
2	176727834	0.5109	0.0319	0.0202	0.1141	1.032414258717	0.992337507725719	1.07410955779048	T	C
2	185785791	0.6063	0.0115	0.0208	0.5816	1.0115663792096	0.97115615973652	1.05365808504457	A	G
2	191741948	0.2407	-0.0354	0.0228	0.1209	0.965219251329198	0.923035115722355	1.00933126732389	A	G
2	198413692	0.6694	-0.0666	0.0209	0.001434	0.935569354242904	0.898019047392587	0.97468981213695	C	G
2	208076936	0.673	0.0023	0.0213	0.9152	1.002302647029	0.961319941327865	1.04503251524532	A	G
2	208533370	0.2443	-0.0187	0.0236	0.4293	0.981473760208966	0.937108695252887	1.02793917808945	A	G
2	210065783	0.4748	-0.0232	0.0198	0.243	0.977067050820469	0.939875367758071	1.01573044102241	A	G
2	212031837	0.4755	-0.0114	0.02	0.568	0.988664733778132	0.950658858033071	1.02819002585108	A	G
2	212693775	0.8396	0.0329	0.0313	0.2938	1.03344718935496	0.971952834379467	1.09883222251986	T	C
2	212710934	0.6837	-0.0266	0.0235	0.2586	0.973750663900229	0.929916948045019	1.01965058002173	A	G
2	215406362	0.2704	-0.0156	0.0225	0.4866	0.984521049723991	0.942047105327966	1.02891001083452	T	C
2	222875933	0.5225	0.0088	0.0211	0.6763	1.00883883382898	0.967968242091946	1.05143510745959	A	G
2	226360417	0.2968	-0.0148	0.0221	0.5026	0.985308981694536	0.943540490391527	1.0289264735264	A	G
2	233696701	0.6214	-0.0163	0.0203	0.4218	0.98383212614057	0.945455932107458	1.02376601548073	A	C
2	241713646	0.649	-0.0244	0.0217	0.2625	0.97589527356645	0.935258796772688	1.0182973827733	A	G
3	2322703	0.3826	-0.0587	0.0204	0.004055	0.942989623613894	0.90602896794597	0.98145805675443	T	C
3	5767413	0.1888	-0.0034	0.0264	0.8971	0.996605773454898	0.946348863904866	1.04953163211435	T	C
3	8278215	0.5251	0.0078	0.0209	0.7097	1.00783049924647	0.967379896276007	1.04997252798149	T	C
3	12259813	0.743	-0.0271	0.0231	0.2401	0.973263910266828	0.930181081963505	1.01834218884387	A	G
3	16862555	0.381	0.0055	0.0205	0.7891	1.00551515276734	0.96591445943504	1.04673940074992	C	G
3	18705035	0.7207	0.0565	0.0219	0.009709	1.05812661480023	1.0136685723343	1.10453452292623	A	G
3	43537085	0.8834	-0.061	0.0306	0.04632	0.94082323977601	0.886055224663086	0.998976524109089	T	C
3	44464619	0.3286	0.0204	0.0207	0.3255	1.02060950218976	0.980030093633214	1.06286915343425	T	C
3	49213637	0.7732	0.0379	0.0262	0.1473	1.03862736494869	0.986638073808687	1.09335614736214	T	C
3	52540773	0.5277	-0.001	0.0202	0.9596	0.999000499833375	0.960220820132182	1.03934634382324	T	C
3	54424687	0.2513	-0.033	0.0244	0.1759	0.967538559589032	0.922356011818076	1.0149344204375	T	G
3	61162427	0.4101	0.0071	0.0202	0.7268	1.00712526475787	0.968030194041882	1.04779923721028	T	C
3	61850364	0.6459	-0.0328	0.022	0.1347	0.967732086653011	0.926890354821798	1.01037343485772	T	C
3	65711935	0.073	-0.0125	0.0402	0.7554	0.987577800493881	0.912751148647666	1.06853868491248	T	C
3	70330440	0.7293	0.002	0.0226	0.9284	1.002002001334	0.958585997119458	1.04738439085734	A	C
3	71321319	0.1345	-0.0079	0.0297	0.7906	0.992131122988869	0.936026023506012	1.05159914413088	A	G
3	71536083	0.3252	0.017	0.0215	0.4283	1.01714532232524	0.97517337819824	1.06092375966995	C	G
3	71814431	0.876	-0.0773	0.031	0.01253	0.925612128311291	0.87104642739224	0.983596034762395	T	C
3	76211681	0.5121	0.0058	0.0202	0.7725	1.00581685256587	0.966772572420796	1.04643798320872	A	C
3	77246944	0.7419	-0.0331	0.0227	0.1453	0.967441810570605	0.925341889026679	1.01145713593989	T	G
3	78592839	0.4367	-0.0117	0.0202	0.5633	0.988368178843463	0.950001229668969	1.0282846236849	A	G
3	107545170	0.504	-0.0026	0.0196	0.8928	0.99740337707257	0.959813772804577	1.0364651193626	A	G
3	107994684	0.1181	0.0061	0.032	0.8486	1.00611864288793	0.944953083321214	1.07124336798692	A	G
3	110136153	0.3748	0.0043	0.0206	0.8341	1.00430925826542	0.964566983606629	1.04568900178009	T	C
3	114599972	0.7603	0.0003	0.0233	0.9886	1.0003000450045	0.955645739484347	1.04704090511188	T	C
3	116018631	0.875	0.0047	0.03	0.8761	1.00471106232418	0.947337368028151	1.06555948580147	T	C
3	117623116	0.8332	0.0885	0.0273	0.001169	1.09253425261048	1.03561142387509	1.15258586918708	T	C
3	117834868	0.7326	-0.0268	0.0223	0.2299	0.973555933241164	0.931920284133706	1.01705174926001	A	G
3	132663169	0.5312	0.0091	0.0202	0.6535	1.00914153088142	0.969968191781706	1.04989693268094	A	G
3	142800392	0.758	0.0077	0.0232	0.7413	1.00772972123553	0.962932464466459	1.05461102261633	A	G
3	144249167	0.4427	0.0055	0.02	0.7825	1.00551515276734	0.966861519588965	1.04571409861729	T	C
3	152151665	0.1069	0.0409	0.034	0.2299	1.04174792554401	0.974588449667428	1.11353540127177	T	G
3	157406565	0.1582	0.0297	0.0295	0.3139	1.03014544395915	0.972271687198147	1.09146409350653	T	C
3	157899163	0.5735	0.0003	0.0202	0.9893	1.0003000450045	0.961469918936662	1.04069837269857	A	G
3	161722384	0.2402	-0.0206	0.0233	0.3779	0.979610730503251	0.935880014835317	1.02538484432321	A	C
3	165478486	0.2771	0.0251	0.022	0.2547	1.02541765716323	0.982141389334084	1.07060081475138	A	C
3	167191652	0.3812	-0.0449	0.0205	0.02877	0.95609308636143	0.918438806357866	0.995291121694986	T	C
3	173119768	0.4593	0.0002	0.0194	0.9929	1.00020002000133	0.962882393280169	1.0389639347363	A	G
3	175948250	0.6465	-0.0113	0.0207	0.5871	0.988763605194998	0.949450388715079	1.02970463604876	A	G
3	178280719	0.4541	0.0019	0.0199	0.9235	1.00190180614371	0.963575918242357	1.04175209254405	T	C
3	184924892	0.3366	0.027	0.0212	0.2041	1.02736780276349	0.985553368624723	1.07095631323136	C	G
3	185822774	0.1677	-0.0093	0.0267	0.7272	0.99074311125161	0.940228827342586	1.04397130139775	A	G
3	190558711	0.3789	-0.0021	0.0213	0.9228	0.99790220345731	0.957099425529875	1.04044447327262	A	T
3	193413502	0.5148	-0.018	0.0199	0.3653	0.982161032358301	0.944590290997803	1.02122613653391	T	C
4	3186244	0.5079	0.0176	0.0203	0.3854	1.01775579264142	0.978056343173399	1.05906664854738	A	G
4	16832297	0.7596	0.0034	0.0236	0.8864	1.00340578655624	0.958049339239302	1.05090952131335	A	G
4	17259101	0.649	0.0264	0.0213	0.2156	1.02675156697106	0.98476918029166	1.07052373426765	A	G
4	21866646	0.4008	-0.0202	0.0209	0.3331	0.980002653174761	0.940668957416186	1.0209810716701	T	C
4	28296275	0.6766	0.008	0.0234	0.7325	1.00803208550427	0.962843878754734	1.05534106600987	A	G
4	39978704	0.7402	0.0093	0.023	0.687	1.00934337937177	0.964852537693696	1.05588576251954	C	G
4	42086277	0.8219	-0.0389	0.0255	0.1273	0.961846889026195	0.914955361630433	1.011141610538	A	C
4	47276305	0.6451	0.0351	0.0207	0.09013	1.03572327594877	0.994542944121497	1.07860873246617	T	G
4	56455791	0.358	-0.0191	0.0207	0.3577	0.981081249212315	0.942073483016201	1.02170418221977	A	T
4	62080215	0.8112	-0.0572	0.0256	0.02587	0.944405169443272	0.898187890844284	0.993000610632593	A	G
4	67107517	0.2857	-0.0236	0.0232	0.3076	0.976676302155084	0.933259482976361	1.02211294563989	A	T
4	80217741	0.4686	0.005	0.0203	0.8056	1.0050125208594	0.965810146306431	1.04580612550709	T	C
4	90917853	0.3874	0.0298	0.0204	0.1442	1.03024846365444	0.989867681338294	1.07227654450474	A	T
4	97634673	0.3971	-0.0069	0.0203	0.7344	0.993123750342816	0.954385119300591	1.0334347880631	A	G
4	101508622	0.4602	0.0301	0.0203	0.1386	1.03055758455936	0.990358777490015	1.07238806706444	T	C
4	102319286	0.5275	-0.0326	0.0206	0.1134	0.967925652426274	0.929623140713441	1.00780631160474	A	G
4	113427134	0.5071	0.0129	0.0195	0.5095	1.01298356393833	0.974997862787025	1.05244917960743	A	G
4	115522306	0.1417	0.0004	0.0294	0.9886	1.00040008001067	0.944382503991192	1.05974042917538	A	G
4	119000833	0.0826	0.0106	0.0359	0.7681	1.01065637902982	0.941986816242497	1.08433185991715	T	G
4	123388893	0.9482	0.0947	0.048	0.04848	1.09932900694927	1.00062019223973	1.2077752127058	C	G
4	138600529	0.1779	-0.0101	0.0266	0.7039	0.989950833715877	0.939661100601606	1.0429320236278	A	G
4	140910848	0.4557	0.0027	0.0202	0.8939	1.00270364828272	0.963780217992033	1.04319904840356	T	C
4	143500223	0.301	0.0325	0.0216	0.1331	1.03303389314397	0.990212215236821	1.07770739237848	A	G
4	164215095	0.2484	0.0085	0.023	0.7138	1.00853622757204	0.964080964334036	1.05504139170289	T	C
4	164483890	0.4248	-0.0013	0.0202	0.9497	0.998700844633952	0.959932797091758	1.039034586686	T	C
4	176731401	0.0586	-0.0279	0.046	0.5446	0.972485610500031	0.888642732451081	1.06423901090271	A	G
4	183719751	0.174	-0.0142	0.0321	0.6571	0.985900344474645	0.925782456612623	1.0499221305097	C	G
5	3416705	0.296	-0.0282	0.0221	0.2018	0.972193908574358	0.930981381773587	1.01523082456116	T	C
5	7418682	0.216	0.0019	0.025	0.938	1.00190180614371	0.95399199362089	1.05221766625531	T	C
5	20143940	0.5474	-0.0228	0.0213	0.2842	0.977457955816584	0.937491113608589	1.01912865254959	A	G
5	24192081	0.5854	-0.007	0.0199	0.7246	0.993024442933235	0.955038142030506	1.0325216353834	A	G
5	27070974	0.3854	-0.0235	0.0216	0.2764	0.976773974668844	0.936284402343139	1.01901451653224	A	G
5	29264189	0.6678	0.0136	0.0209	0.5175	1.01369290067198	0.973007002507834	1.05608006337497	T	C
5	30148789	0.54	-0.0204	0.0213	0.337	0.979806672242872	0.939743794416933	1.02157749875571	T	C
5	30842054	0.4725	0.0173	0.02	0.3868	1.01745051169806	0.978338063966079	1.05812661480023	T	G
5	31062973	0.6517	0.0094	0.0223	0.6724	1.00944431875659	0.966273846455791	1.05454352967068	A	T
5	51693979	0.0332	0.0248	0.0634	0.6956	1.02511007800526	0.905322540893338	1.1607472746575	A	G
5	53318932	0.9353	-0.0518	0.042	0.2172	0.949518751604101	0.874485120092378	1.03099050965278	C	G
5	61514611	0.4824	-0.0063	0.0197	0.7476	0.993719803391055	0.956081613313232	1.03283970102669	T	C
5	77044431	0.8395	0.016	0.0276	0.5621	1.01612868540609	0.962620524884913	1.07261114698189	A	G
5	77657957	0.7868	-0.0003	0.0241	0.9917	0.9997000449955	0.953576143773526	1.04805493141758	T	G
5	88036486	0.5808	-0.0409	0.021	0.05136	0.959925117660099	0.921216684037083	1.00026003380293	T	C
5	92519387	0.4158	-0.0076	0.0199	0.7021	0.992428806976131	0.954465291017777	1.0319023082189	A	G
5	93094118	0.0861	-0.0008	0.0362	0.9834	0.999200319914684	0.930761696091419	1.07267121488801	T	C
5	102956594	0.457	0.0367	0.02	0.06691	1.03738175962342	0.99750312239746	1.0788546832945	A	G
5	103991476	0.594	-0.0116	0.0202	0.5667	0.988467020603353	0.9500962345421	1.02838745728886	A	C
5	105187383	0.9058	-0.0067	0.0346	0.8466	0.993322394956684	0.928192622858208	1.0630222176127	T	C
5	106985611	0.1313	0.0084	0.0317	0.79	1.0084353789918	0.947686052333562	1.07307890740634	C	G
5	111100771	0.7356	-0.0121	0.0224	0.5905	0.987972910630838	0.945535353741417	1.03231515170538	T	G
5	117412944	0.0824	0.009	0.0366	0.8069	1.00904062177387	0.939191387489369	1.0840846604349	A	G
5	120084621	0.2903	0.027	0.0217	0.2137	1.02736780276349	0.984587999431637	1.07200636485959	C	G
5	122321622	0.6657	0.0393	0.0209	0.06029	1.0400824615896	0.998337383680412	1.08357309321453	T	C
5	124262051	0.5456	-0.0136	0.0201	0.4996	0.98649206217889	0.948383806009935	1.0261315962746	T	C
5	124980248	0.6448	0.0172	0.0211	0.4158	1.01734877173397	0.976133421066014	1.06030436107629	A	G
5	137757377	0.8114	-0.0314	0.0264	0.2338	0.969087860394501	0.920218626196668	1.02055234965792	A	C
5	140126139	0.53	-0.0188	0.0197	0.3399	0.98137561774015	0.944204976768523	1.0200095602027	T	G
5	143877756	0.6903	0.0063	0.0216	0.7691	1.00631988674022	0.964605567057637	1.04983814009892	T	C
5	148747902	0.1948	-0.0186	0.0264	0.4821	0.981571912492519	0.932073131593453	1.03369938123532	C	G
5	152552519	0.3786	0.0092	0.0204	0.6541	1.00924245008038	0.969685002417365	1.05041360906378	A	C
5	153215007	0.1687	0.0627	0.026	0.01591	1.06470737910095	1.01180918427605	1.12037113393382	T	C
5	155119877	0.5411	-0.0065	0.02	0.7469	0.993521079303448	0.955328517760558	1.03324052058466	A	G
5	161010597	0.9181	-0.0002	0.037	0.9946	0.999800019998667	0.929861154701954	1.07499928880214	A	G
5	164523472	0.4689	-0.0133	0.02	0.5065	0.986788054194126	0.948854321055801	1.02623831951013	A	C
5	166877976	0.7122	-0.041	0.0235	0.08142	0.959829129947799	0.9166220966574	1.00507282341971	T	C
5	166989513	0.3551	0.012	0.021	0.5683	1.01207228886608	0.971261050265758	1.05459836735999	A	G
5	167166468	0.8513	-0.0321	0.0291	0.2709	0.968409736263361	0.914721163036554	1.02524950245652	C	G
5	170840142	0.6447	-0.0152	0.0208	0.4655	0.984914936916067	0.945569393626866	1.02589766493984	A	G
5	175850820	0.2716	-0.0134	0.0258	0.6039	0.986689380322482	0.938035016170978	1.0378673679104	T	C
6	4426142	0.3319	0.0486	0.0211	0.02154	1.04980034660616	1.00727030123837	1.09412614109587	T	C
6	5419000	0.5017	0.0121	0.02	0.543	1.01217350115549	0.973263910266828	1.05263863751045	T	G
6	17028673	0.2532	-0.0162	0.0233	0.488	0.983930514272508	0.940006959520765	1.02990647793728	T	G
6	19327938	0.0896	0.0425	0.0351	0.2262	1.04341605637368	0.974046729101686	1.11772570470255	T	G
6	19780879	0.7386	-0.0404	0.0225	0.07289	0.96040520022957	0.918971655376832	1.00370685344998	A	G
6	37660117	0.6514	-0.0176	0.0215	0.4141	0.982553975354604	0.942009424197381	1.0248435840307	A	G
6	39995063	0.7391	-0.0216	0.0224	0.3353	0.978631609414885	0.936595300370934	1.02255459382155	T	C
6	50807358	0.1063	0.0086	0.0329	0.7946	1.00863708623765	0.945648824791993	1.07582090207509	T	C
6	53131343	0.9335	-0.0294	0.0403	0.4666	0.971027975583775	0.897279384480507	1.05083806189555	T	G
6	65107133	0.2949	-0.0049	0.0216	0.8193	0.99511198541583	0.953862259531876	1.03814555364022	A	G
6	66565353	0.6364	-0.0479	0.0208	0.02114	0.95322910522204	0.915149352729428	0.992893372357616	A	G
6	76465003	0.8312	-0.0068	0.0268	0.8005	0.993223067683635	0.942397612041355	1.04678964544702	C	G
6	92648832	0.2829	0.0052	0.023	0.8212	1.00521354346516	0.960904740802982	1.05156549349668	T	C
6	94122191	0.5426	-0.0429	0.0201	0.03299	0.958007185995754	0.920999302551675	0.996502131843915	T	C
6	99596909	0.418	0.0032	0.0199	0.8742	1.00320512546571	0.964829381510667	1.04310725092645	T	C
6	100109753	0.2193	0.0466	0.0242	0.0544	1.04770284411461	0.999168346016032	1.09859490039151	C	G
6	100679643	0.4449	-0.0178	0.0199	0.3699	0.982357484209303	0.944779227949068	1.0214304021871	T	G
6	100983589	0.5311	-0.0105	0.0205	0.6088	0.989554932567899	0.950582808366455	1.0301248412563	T	C
6	105369510	0.4547	-0.0029	0.0195	0.8814	0.997104200938112	0.959713957362698	1.03595116013582	A	G
6	117080407	0.7928	-0.0093	0.0252	0.713	0.99074311125161	0.942997167561059	1.04090653318846	T	C
6	117823289	0.2489	0.0417	0.0227	0.06618	1.0425816573327	0.997211894007134	1.09001559120876	T	C
6	124292594	0.3915	0.0054	0.0213	0.8007	1.00541460627947	0.964304657065115	1.0482771426166	A	G
6	142987461	0.5108	0.0106	0.0198	0.5911	1.01065637902982	0.972186131054199	1.05064892806696	T	G
6	143150043	0.7468	-0.0449	0.0226	0.0471	0.95609308636143	0.914666281413237	0.999396182371281	A	G
6	147973296	0.665	-0.0271	0.021	0.1966	0.973263910266828	0.934017597429351	1.01415930667144	T	C
6	152263360	0.3317	0.003	0.021	0.8866	1.00300450450338	0.962558919142725	1.04514956544171	A	G
6	157155257	0.1779	0.0026	0.0272	0.9244	1.00260338293124	0.950552390203281	1.05750461923534	T	C
6	162969924	0.7921	-0.0205	0.0255	0.4214	0.979708696474518	0.931946378266978	1.02991883688917	T	G
6	163558679	0.1942	-0.0029	0.0254	0.9104	0.997104200938112	0.948679747921948	1.04800043397809	A	G
6	164709971	0.948	-0.0029	0.0478	0.951	0.997104200938112	0.907929996244472	1.0950368328405	A	G
6	164913801	0.8916	-0.0268	0.0346	0.438	0.973555933241164	0.909722200729898	1.04186877531253	C	G
6	165081297	0.2243	0.0083	0.0242	0.73	1.0083345404959	0.961623766431163	1.05731428553443	A	G
7	1937261	0.192	0.0147	0.0255	0.563	1.01480857637185	0.965335084589214	1.0668175881291	A	G
7	2760750	0.7337	0.0281	0.0225	0.2108	1.02849852913202	0.984127320055285	1.07487029662717	A	C
7	3521803	0.2313	-0.0055	0.0233	0.8149	0.994515097308919	0.950119037125359	1.0409856450912	T	C
7	4150203	0.1218	-0.0468	0.0315	0.1369	0.954278234152909	0.897143008378912	1.01505215965901	C	G
7	6524843	0.7337	0.0099	0.0226	0.6627	1.00994916711754	0.966188818098606	1.05569149741218	C	G
7	6692096	0.0388	0.0304	0.0578	0.5994	1.03086679821445	0.920454232321271	1.15452384088773	T	C
7	8680443	0.7148	0.013	0.0224	0.5623	1.01308486735981	0.969568647198528	1.05855418431583	C	G
7	12263538	0.5931	-0.0297	0.02	0.1386	0.970736710882989	0.933420017412999	1.00954526823586	T	C
7	13953869	0.7556	0.0206	0.0232	0.375	1.02081364450375	0.975434759687152	1.06830363225854	C	G
7	16813427	0.459	-0.0001	0.0203	0.9956	0.999900004999833	0.960897053595805	1.04048609188391	T	C
7	21492589	0.5728	-0.0123	0.0199	0.5378	0.987775335806853	0.949989829722613	1.02706374689636	A	G
7	21911656	0.2704	-0.0093	0.024	0.6979	0.99074311125161	0.945217707230162	1.03846119786402	A	G
7	24428024	0.4753	-0.0037	0.02	0.8527	0.996306836565637	0.958007185995754	1.03613764812806	T	C
7	29836717	0.6681	0.0116	0.0209	0.58	1.01166754090552	0.971062933220129	1.05397001400095	T	C
7	32829130	0.6438	-0.0133	0.0206	0.5183	0.986788054194126	0.947739124238492	1.02744588568361	T	G
7	48653581	0.6331	0.0236	0.0206	0.2503	1.02388068369577	0.983363933487218	1.06606681285097	T	C
7	53794695	0.1536	-0.0285	0.0279	0.3078	0.971902294146137	0.920181818187785	1.02652981258293	T	C
7	68406045	0.5834	-0.038	0.0213	0.07473	0.9627129408912	0.923349001019178	1.00375503253524	T	C
7	70209943	0.0742	0.0316	0.0389	0.4173	1.03210458089338	0.95633787752347	1.11387396749322	T	C
7	71369043	0.737	-0.0131	0.0227	0.5645	0.986985431542042	0.944035035167908	1.0318899254655	T	G
7	73973096	0.1638	0.0644	0.0301	0.03272	1.06651892101977	1.00541862794594	1.13133233986028	T	C
7	75189471	0.5695	-0.0376	0.0218	0.08372	0.963098103094861	0.922813613875867	1.00514117069548	A	G
7	75794223	0.2957	0.0008	0.0218	0.971	1.00080032008535	0.958938821682136	1.0444892396013	T	G
7	78120735	0.5171	0.0335	0.0197	0.08791	1.03406744372628	0.994901044035498	1.07477571220284	T	C
7	82450364	0.5367	-0.019	0.0197	0.3341	0.981179362242806	0.94401615465601	1.01980557868949	A	G
7	84405422	0.505	-0.0039	0.0199	0.8448	0.996107595123132	0.958003353974674	1.03572741885016	A	G
7	104581402	0.4035	-0.0178	0.0203	0.3806	0.982357484209303	0.944038811315601	1.02223151761863	A	C
7	108213926	0.6657	-0.0115	0.0222	0.6056	0.988565872247913	0.946473790199855	1.03252989558952	A	G
7	109104776	0.6267	0.0369	0.0205	0.07183	1.03758925672437	0.996725373323561	1.08012848321494	A	G
7	109996728	0.2234	-0.0359	0.0241	0.1365	0.964736762335834	0.920225987975124	1.01140049592621	T	C
7	110156436	0.445	-0.0168	0.0199	0.3997	0.983340333036021	0.945724479724133	1.02245234347477	A	G
7	111230244	0.5367	-0.0132	0.0198	0.505	0.98688673793365	0.949321272242333	1.02593870166717	T	C
7	111391927	0.9445	0.027	0.0463	0.5599	1.02736780276349	0.938241406576648	1.12496058557703	A	G
7	114059156	0.4446	-0.0167	0.0199	0.4027	0.98343867198619	0.945819056900886	1.02255459382155	T	C
7	114672684	0.7584	-0.0614	0.0232	0.008073	0.940446985735924	0.898640691637485	0.984198179773248	A	C
7	115082406	0.4991	0.0585	0.0202	0.003703	1.0602449856946	1.01908788821878	1.10306426235262	A	G
7	117628555	0.4257	0.01	0.0201	0.6193	1.01005016708417	0.971031859703445	1.05063632035547	T	C
7	121982909	0.8494	-0.0068	0.0279	0.8088	0.993223067683635	0.940367991506926	1.049048958587	T	G
7	126396962	0.4063	0.0014	0.0199	0.9444	1.00140098045749	0.963094250710154	1.04123134669509	A	G
7	132568255	0.2419	0.029	0.0232	0.2114	1.02942459447513	0.983662921566884	1.07731517827495	T	C
7	133770621	0.2567	-0.0054	0.0243	0.823	0.994614553791391	0.94835345821371	1.04313228580089	A	G
7	135119417	0.4026	0.0438	0.0207	0.03424	1.04477337931572	1.00323321560248	1.08803356702187	A	G
7	140176596	0.7214	0.0145	0.0248	0.5585	1.0146056349514	0.966467120551848	1.0651418683414	T	C
7	140651989	0.1672	0.0374	0.0267	0.1602	1.038108181073	0.985178929492586	1.09388108428765	A	G
7	144633224	0.4502	0.047	0.02	0.01877	1.04812200907966	1.00783049924647	1.09002431136837	A	G
7	153473086	0.491	-0.0014	0.0217	0.9496	0.998600979542827	0.957019032554683	1.04198963910043	A	G
7	157505749	0.3333	-0.0033	0.0224	0.8816	0.996705439015438	0.953892783612563	1.04143961379044	T	G
8	4508910	0.8016	-0.0445	0.0274	0.1051	0.956475600093621	0.906463966241823	1.00924648705825	C	G
8	4792627	0.348	0.0205	0.0226	0.3632	1.02071156824319	0.976484892358634	1.06694134614715	T	C
8	13961133	0.462	0.007	0.0202	0.7294	1.00702455726685	0.967933395862467	1.04769446252538	T	G
8	14218081	0.7116	-0.008	0.022	0.7178	0.992031914837061	0.950164643933696	1.03574399062144	T	C
8	14628926	0.3933	-0.0075	0.0206	0.7156	0.992528054819138	0.953251982995098	1.03342238692005	A	G
8	14976574	0.783	0.0099	0.0245	0.6848	1.00994916711754	0.962597422269548	1.05963022190163	C	G
8	20681098	0.8271	0.0213	0.0271	0.4317	1.02152846421261	0.968684803686185	1.07725485031417	A	G
8	22359156	0.4539	0.0547	0.0196	0.005368	1.05622370003067	1.01641730693507	1.09758904821338	A	G
8	34514573	0.7364	0.0181	0.0222	0.4142	1.01826479777842	0.974908167109713	1.0635496074145	A	T
8	38025511	0.2271	0.0819	0.0239	0.0006223	1.08534726967566	1.0356777051272	1.13739891277059	A	G
8	52811758	0.6754	0.0058	0.0212	0.7842	1.00581685256587	0.964879553942978	1.04849101296773	T	C
8	60720695	0.4398	-0.0152	0.0194	0.4316	0.984914936916067	0.948167599150683	1.02308646048368	A	G
8	61791482	0.6665	-0.0034	0.0211	0.8729	0.996605773454898	0.956230773679115	1.03868552970973	A	G
8	64717459	0.5394	0.0245	0.0206	0.234	1.0248025911072	0.984249359409256	1.06702670486915	T	G
8	65543401	0.6985	-0.0066	0.0214	0.7574	0.993421732162957	0.952615423305064	1.03597602326202	C	G
8	73889320	0.5466	-0.0167	0.0199	0.4023	0.98343867198619	0.945819056900886	1.02255459382155	A	C
8	77632017	0.8403	-0.0066	0.0268	0.8056	0.993421732162957	0.942586110412972	1.0469990243133	A	G
8	87677567	0.5451	0.0008	0.0198	0.9693	1.00080032008535	0.962705239218479	1.04040285632603	T	C
8	92687716	0.5434	-0.0236	0.0196	0.2266	0.976676302155084	0.939867848785205	1.01492630099461	A	G
8	94583638	0.3351	0.006	0.0206	0.7696	1.00601803605406	0.966208142068207	1.04746818496033	A	G
8	129800770	0.3018	-0.03	0.0217	0.1673	0.970445533548508	0.930035985032574	1.01261085456953	A	G
8	132855371	0.8093	0.0104	0.0254	0.6831	1.01045426796579	0.961381467772935	1.0620319424458	T	G
9	2977388	0.6078	0.0287	0.0205	0.1632	1.02911581341626	0.988585643763072	1.07130764451728	A	G
9	8436261	0.0591	-0.0033	0.0457	0.9429	0.996705439015438	0.911310140528994	1.0901027959442	A	T
9	10536719	0.2285	-0.0086	0.0237	0.7167	0.991436874218195	0.946435932005416	1.03857751203165	A	G
9	11274206	0.6067	0.0328	0.0203	0.1063	1.03334384980309	0.993036359298048	1.07528742722036	T	C
9	13704356	0.336	0.0116	0.0208	0.5772	1.01166754090552	0.971253280208436	1.05376345612154	A	G
9	14066897	0.3048	-0.0135	0.0222	0.5435	0.986590716317733	0.944582734305701	1.03046689948212	T	C
9	14620925	0.7016	0.0204	0.0216	0.3444	1.02060950218976	0.978302844429732	1.06474570925654	C	G
9	17024177	0.5152	0.0036	0.0209	0.8649	1.003606487783	0.963325421069658	1.0455718911702	T	G
9	22731935	0.5538	-0.039	0.0196	0.04668	0.961750709146367	0.925504763531684	0.999416170494809	A	G
9	23740210	0.2708	-0.0214	0.0229	0.3514	0.978827355310705	0.935865040874872	1.02376192042486	A	C
9	24190705	0.9591	-0.024	0.0556	0.6669	0.976285709757909	0.875486103523118	1.08869093780235	A	G
9	26722558	0.1668	-0.0074	0.0268	0.7833	0.992627312587426	0.941832343071779	1.04616176004421	A	G
9	27878045	0.6498	-0.049	0.0217	0.02385	0.952181129698505	0.912532114657121	0.993552872486674	A	C
9	28108007	0.4493	0.0183	0.0202	0.3646	1.01846847110463	0.978933074373805	1.05960055267079	T	C
9	31246469	0.6553	0.0261	0.0218	0.231	1.02644358770017	0.983509482119708	1.07125193796815	A	G
9	32349944	0.2074	0.019	0.0243	0.4351	1.01918164861741	0.97177789861397	1.06889777423424	T	G
9	37005561	0.377	0.05	0.0203	0.01359	1.05127109637602	1.01026432041904	1.09394234334361	A	G
9	37315476	0.3835	-0.015	0.0203	0.4577	0.985111939603063	0.946685824075767	1.02509777675813	T	C
9	81294157	0.3606	0.0574	0.0216	0.007821	1.05907935742342	1.01517803393085	1.10487919146288	T	G
9	82820997	0.167	-0.0356	0.0266	0.1807	0.96502622678203	0.916002669510024	1.01667347637241	T	C
9	91926088	0.0866	0.0676	0.0363	0.06243	1.06993724797319	0.996458286714714	1.14883455721433	T	C
9	96225478	0.8416	-0.0359	0.0284	0.2054	0.964736762335834	0.912502914096663	1.01996060091884	A	T
9	98270171	0.6585	0.0139	0.0207	0.5018	1.01399705416292	0.97368055637633	1.05598290847834	A	G
9	100742225	0.5651	-0.0074	0.02	0.7102	0.992627312587426	0.954469108886577	1.03231102245303	T	C
9	102175261	0.3455	0.0167	0.0205	0.4143	1.01684022449551	0.976793510343693	1.05852877932027	C	G
9	114952087	0.767	-0.0271	0.0248	0.2756	0.973263910266828	0.927086876407572	1.0217409642324	C	G
9	119731359	0.7155	-0.0151	0.0221	0.4929	0.985013433334498	0.943257470699486	1.0286178418814	T	C
9	120515918	0.3421	0.0242	0.021	0.2474	1.02449519644137	0.98318301116882	1.06754327079317	T	C
9	122673299	0.3855	-0.0374	0.0209	0.07397	0.963290741978726	0.924627800761887	1.00357035859977	T	G
9	125647367	0.1293	-0.0321	0.0338	0.342	0.968409736263361	0.906333444828451	1.03473773658124	T	C
9	126584407	0.836	-0.0154	0.0272	0.5706	0.98471797362567	0.933595516872705	1.03863982855185	A	G
9	127997592	0.5373	-0.0038	0.0202	0.8522	0.996207210863348	0.957535962390756	1.03644024449824	A	G
9	129656760	0.2778	-0.0332	0.0231	0.1504	0.967345071226595	0.92452424824725	1.01214920928297	A	G
9	132969084	0.438	0.0204	0.021	0.3308	1.02060950218976	0.979454005324719	1.0634943042728	A	C
9	136930134	0.8256	0.0019	0.0274	0.946	1.00190180614371	0.949514953536691	1.05717895796703	T	C
9	137946850	0.1441	0.0146	0.0283	0.6046	1.01470710058809	0.959955835755351	1.07258111429024	A	G
9	140265782	0.1218	0.061	0.0411	0.1377	1.0628989141872	0.980633978148227	1.15206501809542	T	C
10	1803525	0.5818	-0.0542	0.0204	0.008065	0.947242639027877	0.910115285620836	0.985884570195328	T	C
10	5945672	0.5308	-0.0028	0.0207	0.8912	0.997203916343893	0.957555113301513	1.03849442915405	T	G
10	7450208	0.1614	0.0067	0.0287	0.8168	1.00672249521124	0.951655670754922	1.06497571916991	A	G
10	12756713	0.5549	0.0024	0.0203	0.907	1.00240288230538	0.963302301536987	1.04309056134395	A	C
10	18549016	0.5492	0.024	0.0199	0.2288	1.02429031789062	0.985107999163185	1.06503109934718	A	G
10	22032942	0.2857	-0.0368	0.0221	0.09598	0.963868889850931	0.923009271100942	1.00653727531288	A	G
10	63646409	0.3331	0.0032	0.0211	0.8778	1.00320512546571	0.962562769386102	1.04556352662853	A	G
10	67769960	0.4736	0.0107	0.0199	0.5902	1.01075744972117	0.972092805665308	1.05095996618104	A	G
10	72884713	0.2519	0.0005	0.0228	0.9814	1.00050012502084	0.956774067039272	1.04622453163294	A	G
10	76848524	0.4117	0.0306	0.02	0.1254	1.03107299219281	0.991436874218195	1.0722937010667	T	C
10	77617557	0.6786	0.0082	0.0213	0.6994	1.00823371208336	0.967008493709693	1.05121643170031	A	G
10	81010850	0.3701	-0.0012	0.0212	0.9556	0.998800719712086	0.958148981551894	1.04117720407278	T	G
10	92803991	0.8296	-0.0444	0.0275	0.1062	0.956571252436168	0.906376949877916	1.00954526823586	T	C
10	99090390	0.6032	0.0244	0.0201	0.2252	1.02470011597193	0.985115880058702	1.0658749380939	A	G
10	99839373	0.8246	0.0128	0.026	0.6229	1.01288227064668	0.962558919142725	1.06583656728681	A	G
10	104420754	0.2259	0.0163	0.0239	0.4944	1.01643356974208	0.969917754747108	1.06518021413888	T	C
10	106559287	0.2123	0.0142	0.024	0.5531	1.0143012989136	0.96769337814372	1.06315404054054	T	C
10	106614571	0.3915	-0.0069	0.0201	0.7317	0.993123750342816	0.954759311604257	1.03302976101666	A	G
10	110119994	0.4928	0.0355	0.0209	0.0896	1.03613764812806	0.994550900496876	1.07946332895782	T	G
10	118914837	0.5786	0.0044	0.0201	0.8282	1.00440969421296	0.965609278686956	1.04476920023056	T	C
10	120159905	0.6049	0.01	0.0201	0.6191	1.01005016708417	0.971031859703445	1.05063632035547	A	G
10	125426627	0.6349	0.0303	0.0213	0.155	1.03076371668879	0.988617279009834	1.07470692875835	T	G
10	134954751	0.5909	0.002	0.0221	0.9281	1.002002001334	0.959525871860037	1.04635845694403	T	C
11	371325	0.8982	0.0325	0.0438	0.4578	1.03303389314397	0.9480500336576	1.12563576446178	C	G
11	15714739	0.5327	-0.0583	0.0198	0.003252	0.943366894912569	0.907457995377286	0.98069674073121	A	G
11	16377044	0.7014	-0.0197	0.023	0.3922	0.980492777022099	0.937273640898042	1.02570481430736	T	C
11	20262014	0.4319	0.0112	0.0202	0.5781	1.01126295481177	0.972007265262243	1.05210403288367	T	C
11	24579950	0.6111	-0.0036	0.0202	0.8597	0.996406472230993	0.957727488735231	1.03664755327732	A	G
11	28591587	0.5987	0.0031	0.0202	0.8793	1.00310480996902	0.964165807191928	1.04361641148998	T	C
11	29710982	0.6427	0.0099	0.0205	0.6286	1.00994916711754	0.970173846837029	1.05135520142789	A	C
11	30602310	0.4007	0.0201	0.0202	0.3216	1.02030336526194	0.98069674073121	1.06150955124888	A	G
11	31835468	0.8204	-0.0862	0.0258	0.0008288	0.917410730724568	0.87217254669285	0.964995346436861	A	C
11	32927778	0.0409	-0.0354	0.0554	0.5233	0.965219251329198	0.865901602374008	1.07592848954458	T	G
11	38830472	0.6083	0.0097	0.021	0.644	1.00974719748176	0.969029716867201	1.05217557839043	T	G
11	46077264	0.1759	-0.0027	0.0265	0.9174	0.997303641721713	0.946825943946345	1.05047243387297	A	G
11	46327578	0.0505	0.1012	0.0475	0.03319	1.10649791921878	1.00813289375315	1.21446056648092	A	G
11	46447246	0.1024	-0.0268	0.0397	0.4996	0.973555933241164	0.900673916279022	1.05233552123369	T	C
11	48239731	0.0836	0.0067	0.037	0.8555	1.00672249521124	0.936299383013421	1.08244243321244	T	C
11	57435296	0.33	-0.0083	0.0206	0.6851	0.991734349899582	0.952489686368008	1.03259597961751	A	G
11	61251070	0.8789	-0.0336	0.0323	0.2983	0.966958210575393	0.907639505126732	1.03015368515566	T	G
11	61571348	0.6912	-0.0244	0.0213	0.2522	0.97589527356645	0.935992327175703	1.01749935049474	C	G
11	63680719	0.5605	-0.0014	0.0205	0.9441	0.998600979542827	0.959272590464481	1.03954175930436	T	C
11	63859751	0.7503	0.042	0.0238	0.0772	1.04289447875076	0.995362785235605	1.09269595964589	A	G
11	70542984	0.4643	-0.0242	0.0197	0.218	0.97609047214037	0.939120011656236	1.01451635358396	A	G
11	73311373	0.8129	-0.0369	0.0286	0.1973	0.96377250778113	0.911233593692202	1.01934065335664	A	T
11	73525881	0.4348	-0.0075	0.0209	0.7198	0.992528054819138	0.952691635587379	1.03403021796837	A	G
11	83335034	0.3524	-0.0002	0.0206	0.991	0.999800019998667	0.960236183788213	1.04099397300967	T	C
11	85589298	0.2943	0.0084	0.0218	0.7004	1.0084353789918	0.966254521172116	1.05245759923454	A	T
11	88726033	0.5202	-0.0027	0.0209	0.8977	0.997303641721713	0.957275548026945	1.03900549412487	T	C
11	112842749	0.871	-0.0703	0.0302	0.01983	0.932114143713503	0.878541616721067	0.988953466033253	T	G
11	113304457	0.6036	-0.0113	0.0203	0.5774	0.988763605194998	0.950195049688791	1.02889766398848	A	G
11	113344912	0.6302	0.0133	0.0205	0.5169	1.0133888384134	0.973478051881801	1.05493589283875	T	C
11	126702154	0.5801	0.0003	0.0202	0.9873	1.0003000450045	0.961469918936662	1.04069837269857	T	C
11	127028030	0.9196	0.0412	0.0387	0.2878	1.04206049680502	0.965941505418546	1.12417788542072	C	G
11	131197431	0.2073	0.0438	0.0258	0.08946	1.04477337931572	0.993254851330336	1.09896409029847	A	T
11	131641026	0.5025	0.0084	0.022	0.7032	1.0084353789918	0.965875823629384	1.05287024348643	A	C
11	133370326	0.1948	-0.0064	0.0269	0.8123	0.993620436379149	0.942589880764954	1.04741371803086	T	G
11	133745999	0.4441	-0.0515	0.021	0.01396	0.9498036499622	0.911503358759195	0.989713274024089	A	G
11	133834104	0.5829	-0.0065	0.0226	0.7726	0.993521079303448	0.950472547155959	1.03851935331944	T	C
11	134326336	0.2908	-0.0331	0.0242	0.1714	0.967441810570605	0.922625379099236	1.01443519552204	T	C
11	134773360	0.3938	-0.009	0.0216	0.6758	0.991040378772884	0.949959430534451	1.03389787057089	T	C
12	2314825	0.3765	0.0068	0.0202	0.7348	1.00682317249454	0.967739828540672	1.04748494458537	A	G
12	11939528	0.1557	0.0911	0.0288	0.001575	1.09537853763552	1.03525937584253	1.15898891496254	A	G
12	16756508	0.5486	0.0236	0.0217	0.2762	1.02388068369577	0.981246084707977	1.06836773239946	A	C
12	22473517	0.5078	-0.0159	0.0199	0.4223	0.984225737708091	0.94657601488923	1.02337296480135	A	G
12	22890730	0.4553	0.0143	0.0206	0.4897	1.01440273411517	0.974261042955748	1.05619835096605	A	C
12	24169797	0.7947	0.0487	0.025	0.05123	1.04990533189	0.9997000449955	1.10263194590134	T	C
12	33440641	0.4918	-0.0028	0.0201	0.8886	0.997203916343893	0.95868186051226	1.03727387753039	T	C
12	39168233	0.5885	-0.0046	0.0202	0.821	0.995410563795972	0.956770239950658	1.03561142387509	T	C
12	40378739	0.1133	0.0021	0.0311	0.945	1.00210220654431	0.942842528706311	1.0650864824043	A	C
12	43466513	0.316	0.0072	0.0212	0.7336	1.00722598232014	0.966231331341887	1.04995992838675	A	C
12	54753185	0.5093	0.0102	0.021	0.6264	1.01025219731993	0.96951435287454	1.05270179772349	T	C
12	56040943	0.5645	-0.0073	0.02	0.7163	0.992726580281987	0.95456456056997	1.032414258717	A	C
12	57979190	0.7102	0.0016	0.0221	0.9433	1.00160128068294	0.959142138263129	1.04593999725877	C	G
12	60791165	0.3825	-0.0047	0.0204	0.8183	0.99531102771648	0.95629962477343	1.03591386656535	A	T
12	62561299	0.1033	-0.0028	0.0332	0.932	0.997203916343893	0.93438006657162	1.06425178184746	A	G
12	74538047	0.5911	0.0264	0.0204	0.1941	1.02675156697106	0.986507846178157	1.06863699499369	A	G
12	77840997	0.6843	-0.0333	0.0234	0.1545	0.967248341556037	0.923888394323287	1.01264325863534	A	G
12	84585161	0.271	0.0147	0.0221	0.5055	1.01480857637185	0.971789560018721	1.05973195128586	A	C
12	92758273	0.5093	-0.0183	0.0201	0.3627	0.98186642824142	0.943936860629415	1.02132009366043	A	G
12	103535020	0.4754	-0.0356	0.0195	0.06738	0.96502622678203	0.928838869791563	1.00262343519942	A	G
12	109898732	0.543	0.0129	0.0196	0.5102	1.01298356393833	0.974806781932454	1.05265547986339	A	G
12	110297222	0.4538	-0.0149	0.0198	0.4505	0.985210455722747	0.947708797071754	1.02419608751604	A	G
12	112964847	0.1054	0.0046	0.0334	0.8902	1.00461059624134	0.940951200437747	1.07257682397436	T	C
12	117676279	0.8014	-0.0227	0.0248	0.3607	0.977555706499619	0.931175046041382	1.02624652944952	A	T
12	118828801	0.8348	0.0041	0.0286	0.8867	1.00410841649862	0.949370638231995	1.06200220596772	A	G
12	121207147	0.4683	0.0239	0.0196	0.2216	1.02418789398011	0.985588849184639	1.06429860995608	T	C
12	121907336	0.4608	0.0119	0.0209	0.5671	1.01197108669738	0.971354295802297	1.05428625243854	A	G
12	123853449	0.2095	-0.0552	0.0267	0.03854	0.946295869852334	0.898047784461894	0.997136108783065	C	G
12	131530428	0.5378	0.0346	0.0228	0.1288	1.03520554375463	0.989962713197159	1.08251604180056	T	C
13	26036921	0.2083	0.0575	0.0243	0.01817	1.05918527065473	1.00992088893676	1.11085279041316	T	C
13	37518022	0.3812	0.0125	0.0211	0.5531	1.01257845154063	0.971556358509617	1.05533262331511	T	C
13	42805360	0.1521	-0.0124	0.0275	0.6506	0.987676563211984	0.935850067154008	1.04237316185147	T	C
13	54034124	0.3842	0.06	0.0204	0.003352	1.06183654654536	1.02021766337878	1.10515323548242	A	T
13	58291621	0.7573	-0.033	0.0228	0.1473	0.967538559589032	0.925253060469172	1.01175657156641	A	G
13	60374299	0.238	-0.018	0.0233	0.4399	0.982161032358301	0.938316468891627	1.02805431372487	T	C
13	66596810	0.8247	-0.0007	0.0261	0.9781	0.999300244942843	0.949465580042829	1.05175058531114	T	C
13	66951829	0.4832	-0.0163	0.0207	0.4329	0.98383212614057	0.944714985145847	1.02456896275107	A	G
13	67592704	0.8926	0.0027	0.0326	0.934	1.00270364828272	0.940638856491166	1.06886357005273	T	C
13	67803436	0.2176	-0.0077	0.0245	0.7549	0.992329569057412	0.945803923917039	1.04114388693533	A	C
13	69566706	0.7465	-0.0654	0.0228	0.004166	0.936692711347455	0.89575530536119	0.979501020245323	A	G
13	78950611	0.3591	-0.0193	0.0214	0.3669	0.980885052582789	0.940593706909653	1.0229023214938	T	C
13	78981531	0.2011	-0.0535	0.0252	0.03366	0.947905941003803	0.902224408456046	0.995900426289652	T	C
13	79308251	0.4003	0.0143	0.0216	0.5093	1.01440273411517	0.972353361450142	1.05827052980584	A	G
13	79989381	0.4051	0.0014	0.0201	0.9429	1.00140098045749	0.962716791750665	1.04163958939333	T	C
13	80919712	0.3693	-0.0067	0.0216	0.7547	0.993322394956684	0.952146851794842	1.03627857243085	T	C
13	82744744	0.3794	-0.042	0.0213	0.04887	0.958869780572485	0.919662981967894	0.999748031749333	A	T
13	85234525	0.1887	0.0142	0.0265	0.5935	1.0143012989136	0.962963278798349	1.06837627937551	T	G
13	91979840	0.104	0.014	0.0333	0.6745	1.01409845893849	0.950024029972083	1.08249439169622	A	C
13	92878118	0.209	0.0214	0.0259	0.4097	1.02163062216684	0.971062933220129	1.074831601993	A	C
13	94022948	0.4496	0.017	0.0199	0.3913	1.01714532232524	0.978236322098096	1.05760191413581	A	G
13	97027206	0.9304	-0.0002	0.0397	0.9955	0.999800019998667	0.924953327037018	1.08070326444626	A	G
13	99109816	0.6247	-0.0272	0.0214	0.2037	0.973166588741959	0.933192290712537	1.01485322893156	T	G
14	33772933	0.2989	0.0055	0.0218	0.8022	1.00551515276734	0.96345644223616	1.049409893506	A	G
14	38972370	0.422	0.0081	0.0201	0.6867	1.00813289375315	0.969188650772991	1.04864200654487	A	C
14	39795207	0.5387	-0.0235	0.0198	0.2361	0.976773974668844	0.939593447437906	1.01542576759341	T	G
14	42074726	0.4939	0.0249	0.0197	0.2067	1.02521259413878	0.986381581254973	1.06557227259202	A	G
14	43069527	0.6299	-0.0308	0.0212	0.1469	0.969669487581445	0.930203406577367	1.01081001047512	A	G
14	47238606	0.3684	0.0133	0.0218	0.5429	1.0133888384134	0.971000787181098	1.05762729688634	T	C
14	64743301	0.5647	0.0088	0.0201	0.6599	1.00883883382898	0.969867320335167	1.0493763129267	A	G
14	69498110	0.6518	-0.0044	0.0207	0.8332	0.99560966581827	0.956024250137346	1.03683416663161	T	C
14	73439505	0.3887	-0.0149	0.0203	0.4628	0.985210455722747	0.946780497391762	1.02520029166147	A	T
14	75355203	0.4708	0.0441	0.0196	0.02462	1.04508685834902	1.00570018457785	1.08601604955684	T	C
14	82891741	0.8682	-0.0233	0.0297	0.4336	0.97696934900056	0.921721649127733	1.03552857827505	T	C
14	87407495	0.9512	0.0649	0.0537	0.2275	1.06705231381737	0.960451300785585	1.1854850313511	A	G
14	91463489	0.7519	-0.0087	0.0231	0.7068	0.991337735487793	0.947454845145217	1.03725313226029	A	C
14	98496873	0.9141	-0.064	0.0356	0.07186	0.938004999530729	0.874785994721159	1.00579271325108	T	C
14	98659847	0.7941	-0.0476	0.0244	0.05097	0.953515116853206	0.90898744207418	1.00022402508987	A	G
14	103370163	0.223	-0.0011	0.0234	0.963	0.998900604778228	0.95412174535494	1.04578102646127	T	C
14	104079924	0.3549	0.0115	0.0217	0.5955	1.0115663792096	0.969444550354054	1.05551837820276	A	G
15	29853387	0.8852	-0.0454	0.0327	0.1644	0.955615159309969	0.896289334648105	1.01886778900649	T	C
15	37436748	0.7231	0.0036	0.0229	0.8741	1.003606487783	0.959556577179219	1.04967857682874	A	G
15	37658915	0.4751	-0.0249	0.02	0.2138	0.975407447896248	0.937911203720645	1.01440273411517	T	C
15	38843887	0.7454	-0.0175	0.0225	0.4371	0.982652235665073	0.940258915146463	1.02695693782085	A	G
15	40968531	0.5001	-0.0106	0.0197	0.5897	0.989455982022252	0.951979288694911	1.02840802524368	T	C
15	43644760	0.6927	-0.0067	0.0231	0.7718	0.993322394956684	0.949351651009103	1.03932971441477	T	C
15	47685416	0.6636	0.0305	0.0212	0.1498	1.03096989004878	0.989008848978059	1.07471122759466	A	T
15	47956756	0.2709	0.034	0.0222	0.1261	1.03458460672812	0.99053309597443	1.08059519952315	A	G
15	63904280	0.7977	-0.0124	0.0246	0.6139	0.987676563211984	0.941184585273979	1.0364651193626	C	G
15	66393606	0.2087	0.0052	0.0249	0.8333	1.00521354346516	0.957332986282957	1.05548882410193	T	C
15	74012409	0.605	-0.0074	0.021	0.7236	0.992627312587426	0.952600181580225	1.03433633621616	T	C
15	74171368	0.4515	-0.0327	0.0198	0.09884	0.967828864700498	0.930988829654433	1.00612669186927	A	G
15	78101909	0.4289	0.0034	0.0199	0.8628	1.00340578655624	0.965022366684843	1.04331589324017	A	G
15	88427589	0.7299	0.0016	0.0225	0.9441	1.00160128068294	0.958390465520947	1.04676033574729	T	C
15	88945878	0.7733	-0.027	0.0254	0.2875	0.973361241524337	0.926089867415588	1.02304553784372	C	G
15	91426560	0.5642	0.0079	0.0219	0.7182	1.00793128733572	0.965582242005668	1.05213770075141	A	G
15	91573449	0.4319	0.0288	0.0214	0.179	1.02921873014336	0.986942005138442	1.07330642425064	T	C
15	96957969	0.877	0.0103	0.034	0.7607	1.0103532275911	0.945217707230162	1.07997727581205	A	G
16	6319505	0.6769	-0.0132	0.0235	0.5751	0.98688673793365	0.942461697257846	1.03340585229413	A	G
16	6639512	0.467	0.0029	0.0211	0.8904	1.00290420906778	0.96227404386628	1.0452499046162	A	G
16	7662811	0.3879	0.0073	0.0213	0.7304	1.00732670995467	0.966138577586329	1.05027076252674	A	G
16	13088905	0.7295	0.0003	0.0238	0.9913	1.0003000450045	0.954709665410866	1.04806750815222	T	C
16	13802379	0.1803	0.0007	0.0258	0.9794	1.00070024505718	0.951354995072224	1.052604953613	T	C
16	15558272	0.3902	-0.0132	0.0212	0.5328	0.98688673793365	0.946719905378894	1.02875774342099	A	G
16	17164470	0.3546	0.0231	0.0222	0.2969	1.02336887131768	0.979794914633351	1.06888067200667	T	C
16	17965261	0.6552	0.0028	0.021	0.8943	1.00280392366123	0.962366426608792	1.04494055643022	T	C
16	21630698	0.3317	0.0437	0.0214	0.04063	1.04466890720148	1.00175754267084	1.08941842630291	T	G
16	23191250	0.3274	0.0016	0.0211	0.9376	1.00160128068294	0.961023900378583	1.04389196259376	A	G
16	25353267	0.1579	-0.0275	0.0275	0.3171	0.972874682553454	0.92182488773369	1.02675156697106	T	G
16	49590802	0.0668	0.0265	0.0419	0.5263	1.02685424726168	0.945894725452139	1.11474312811644	A	G
16	49820598	0.2352	-0.0413	0.0239	0.08484	0.959541224396807	0.915629016651231	1.00555939640741	T	C
16	51212775	0.1931	-0.014	0.0286	0.624	0.986097544262862	0.932341607314	1.04295288247686	T	C
16	53812614	0.4855	0.033	0.0198	0.09502	1.03355053924131	0.994208833825945	1.07444903004453	A	G
16	54128197	0.3062	0.0142	0.0217	0.5123	1.0143012989136	0.972065587447806	1.05837212865337	A	C
16	56364030	0.3332	0.0205	0.0211	0.3313	1.02071156824319	0.979359982253387	1.06380914518102	C	G
16	60644621	0.3483	-0.0044	0.0206	0.83	0.99560966581827	0.956211649254886	1.03663096704916	T	C
16	61037218	0.2464	0.0085	0.0226	0.7073	1.00853622757204	0.964837100176594	1.05421456341083	A	G
16	62779700	0.4298	-0.0266	0.0205	0.1956	0.973750663900229	0.935400966914454	1.0136726270167	T	C
16	65841162	0.3525	-0.0097	0.0209	0.6409	0.990346893255991	0.950598017813065	1.03175785200792	T	C
16	69588572	0.5765	0.062	0.021	0.003078	1.06396234472803	1.02105866918021	1.10866878189091	T	C
16	72225733	0.5069	-0.0164	0.0196	0.4036	0.983733747846952	0.946659317243791	1.02226014050184	A	G
16	72985338	0.7413	0.0169	0.0231	0.4643	1.01704361287857	0.972022817502904	1.06414961858032	T	C
16	77029097	0.1494	-0.0346	0.0279	0.2155	0.965991735682804	0.914585794321957	1.02028704053869	A	T
16	77195686	0.671	-0.0204	0.0212	0.3361	0.979806672242872	0.939928002252417	1.02137728918713	T	C
16	82876533	0.345	-0.0122	0.0218	0.5771	0.987874118279475	0.946553297337485	1.03099875760985	T	C
16	87883089	0.2998	-0.0129	0.0229	0.5742	0.987182848369375	0.943853797840496	1.0325009851572	T	C
17	2314024	0.7022	-0.0078	0.0229	0.7337	0.992230341061989	0.948679747921948	1.03778019071299	A	G
17	8068045	0.3413	-0.0095	0.021	0.6517	0.9905449824429	0.950601820212741	1.03216650902606	C	G
17	11211438	0.3802	0.0072	0.0204	0.7254	1.00722598232014	0.967747570490268	1.04831488127302	T	G
17	27368639	0.081	-0.0062	0.0367	0.8661	0.993819180340158	0.924842339297171	1.06794047076452	A	G
17	31570600	0.7548	-0.0096	0.0241	0.6921	0.990445932897216	0.944748995497495	1.03835320351525	T	C
17	38218804	0.6653	0.02	0.0217	0.3573	1.02020134002676	0.977719949654349	1.06452852328557	A	G
17	45558090	0.4847	0.0053	0.0212	0.8042	1.00531406984575	0.964397234755851	1.04796689850078	T	C
17	46643389	0.4322	0.0106	0.0198	0.5902	1.01065637902982	0.972186131054199	1.05064892806696	A	G
17	57211213	0.3259	-0.0205	0.0209	0.3262	0.979708696474518	0.940386799054831	1.02067482328815	A	G
17	63380264	0.936	0.0393	0.0441	0.373	1.0400824615896	0.953957650527299	1.13398275731459	T	C
17	65845918	0.7993	-0.0106	0.0251	0.6737	0.989455982022252	0.941956673146669	1.03935050121693	A	G
17	73818872	0.1959	0.0305	0.0241	0.2056	1.03096989004878	0.98340326883126	1.08083727995984	A	G
17	77810623	0.1443	0.0461	0.0314	0.1422	1.04717912363358	0.984674646988023	1.11365121497571	T	C
17	79992815	0.846	-0.0176	0.0328	0.5916	0.982553975354604	0.921375146934156	1.04779504602171	A	G
18	4587928	0.304	0.0046	0.0219	0.8339	1.00461059624134	0.962401072423771	1.04867136893212	T	C
18	21131929	0.5136	0.0056	0.0195	0.7756	1.00561570931036	0.967906294106809	1.04479427499226	T	C
18	25362907	0.351	0.0072	0.0226	0.7488	1.00722598232014	0.963583626880537	1.05284497490381	C	G
18	26481458	0.5415	-0.0136	0.0199	0.4966	0.98649206217889	0.948755645337638	1.02572943151831	A	G
18	30621913	0.0813	0.0621	0.0361	0.08541	1.0640687462825	0.991381355307783	1.14208552617341	T	G
18	31399468	0.5259	-0.0222	0.02	0.267	0.9780446065677	0.940446985735924	1.01714532232524	A	G
18	35138245	0.3299	0.0232	0.0214	0.2789	1.02347121332182	0.981430576313569	1.06731270634854	A	G
18	36844401	0.9068	-0.0356	0.0361	0.324	0.96502622678203	0.899104509889187	1.03578127807627	A	T
18	39294665	0.8818	-0.0361	0.0313	0.2487	0.964543834276815	0.907149512103986	1.02556943020742	A	G
18	42260348	0.2528	0.0488	0.0233	0.03648	1.05001032767289	1.00313690983653	1.09907399220251	T	C
18	50754996	0.4627	0.0136	0.0197	0.4892	1.01369290067198	0.97529820837961	1.05359908184391	A	G
18	52471537	0.7975	0.0116	0.0252	0.6445	1.01166754090552	0.962913206009755	1.06289041102989	A	G
18	52754086	0.2409	0.0273	0.0237	0.2487	1.02767605934049	0.981030234313755	1.07653979051968	A	G
18	53099012	0.7046	-0.0281	0.0217	0.1948	0.972291132826346	0.93180473318278	1.01453664411394	C	G
18	60243876	0.2904	-0.0153	0.0221	0.4891	0.984816450346786	0.943068838069238	1.02841213888401	A	G
18	63494190	0.2875	-0.0321	0.022	0.1446	0.968409736263361	0.927539405211307	1.01108094386138	A	T
18	74661760	0.5881	-0.0143	0.0204	0.4833	0.985801759369535	0.947163073987977	1.02601667597148	A	G
18	77574374	0.1949	0.0167	0.027	0.5359	1.01684022449551	0.96442809596114	1.07210070557062	T	C
19	4044579	0.1618	-0.0359	0.0302	0.2356	0.964736762335834	0.909289276006609	1.02356537700491	A	G
19	18597196	0.1261	-0.0202	0.0324	0.5337	0.980002653174761	0.919703448029348	1.04425530021382	A	G
19	31891006	0.5887	-0.0277	0.0203	0.1722	0.97268012707314	0.934738937415976	1.01216135514636	A	G
19	47758145	0.4214	-0.0255	0.0212	0.2296	0.974822378965741	0.935146572450669	1.01618152547157	A	G
20	31074372	0.3379	0.035	0.0207	0.09103	1.03561970879962	0.994443494799634	1.07850087698579	A	G
20	36288210	0.4077	0.0035	0.0204	0.863	1.00350613215209	0.964173520549239	1.04444328308581	T	C
20	39832628	0.8013	-0.0115	0.0251	0.6463	0.988565872247913	0.941109293518868	1.03841550657653	T	C
20	42015801	0.8209	-0.0124	0.0264	0.6381	0.987676563211984	0.937869936535566	1.04012822622473	A	T
20	44688665	0.2649	0.0265	0.0224	0.236	1.02685424726168	0.982746574807903	1.07294156209648	A	G
20	44912642	0.5355	0.0017	0.02	0.9305	1.00170144581918	0.963194417720822	1.04174792554401	A	G
20	45840459	0.6243	-0.0083	0.0217	0.7011	0.991734349899582	0.95043833076016	1.03482465820177	A	C
20	47621372	0.5876	0.027	0.0198	0.1738	1.02736780276349	0.988261440844104	1.06802163732459	A	G
20	48090779	0.1873	-0.0037	0.0255	0.8838	0.996306836565637	0.947735333289577	1.04736763284115	A	G
20	51205902	0.8162	-0.0258	0.0253	0.3082	0.974529976114672	0.927383591679934	1.02407319135945	A	T
20	59008217	0.7905	-0.0254	0.0245	0.3003	0.974919866077912	0.929210479656498	1.02287777213268	C	G
20	59770941	0.4021	0.0291	0.0206	0.1569	1.02952754208187	0.988787335806289	1.07194633418403	A	G
20	62846274	0.2343	-0.0171	0.0267	0.5223	0.983045375182001	0.932923570030448	1.03586000044482	T	C
21	38817699	0.2331	-0.0153	0.025	0.5407	0.984816450346786	0.937723640236875	1.03427427789775	T	C
21	46488169	0.6124	0.0029	0.0211	0.892	1.00290420906778	0.96227404386628	1.0452499046162	A	C
22	23412017	0.3651	-0.0215	0.0228	0.3456	0.978729477469148	0.9359548882314	1.02345893174095	A	G
22	31213097	0.2024	0.0531	0.0246	0.03053	1.05453509335619	1.00489594616844	1.10662628042222	T	C
22	37004171	0.7328	-0.0062	0.0253	0.8063	0.993819180340158	0.945739611436862	1.04434302134327	T	C
22	41408754	0.7328	-0.0041	0.0225	0.8554	0.995908393524931	0.952943179381494	1.04081077419239	T	C
22	46459132	0.3527	0.016	0.0216	0.4573	1.01612868540609	0.974007768011748	1.06007111977434	T	G
22	48873919	0.4711	0.014	0.0206	0.4981	1.01409845893849	0.973968808480224	1.05588153898494	T	C
22	49610444	0.4292	0.0187	0.0203	0.356	1.01887593998141	0.979132797092002	1.06023226283111	A	G
22	50180497	0.8031	-0.0353	0.0255	0.1663	0.965315778080588	0.918255136964146	1.01478828040329	A	C
22	50624909	0.3773	0.0126	0.0213	0.5554	1.01267971444885	0.971272705468292	1.05585197471575	C	G
