chromosome	base_pair_location	effect_allele_frequency	beta	standard_error	p_value	odds_ratio	ci_lower	ci_upper	effect_allele	other_allele
1	10796866	0.6315	-0.0454	0.0076	1.999e-09	0.955615159309969	0.941485812535058	0.969956552233242	T	C
1	113053023	0.8812	-0.0486	0.0117	3.155e-05	0.952562078335032	0.930966486190644	0.974658622561998	A	C
2	26919429	0.758	-0.0331	0.0088	0.0001723	0.967441810570605	0.950898454253151	0.984272981677347	T	C
2	203880992	0.1244	-0.0685	0.0109	3.374e-10	0.933793460103523	0.914055488364844	0.953957650527299	T	C
4	81184341	0.6928	-0.0307	0.0077	5.969e-05	0.969766459378713	0.95524063157975	0.984513173587098	A	T
5	121510586	0.8237	0.0606	0.0096	2.979e-10	1.0624738396421	1.04266923787024	1.08265461272226	A	C
6	1365244	0.8847	-0.0864	0.0115	5.402e-14	0.917227266925415	0.896784222937432	0.938136329423542	A	G
6	32820656	0.0821	0.0741	0.0136	4.772e-08	1.07691449156098	1.04858747857827	1.1060067431918	T	G
6	49457835	0.5942	0.038	0.0071	8.967e-08	1.0387312328785	1.02437636189112	1.0532872626672	A	G
7	51190564	0.0672	-0.0266	0.0148	0.07103	0.973750663900229	0.945909859888822	1.00241090156052	A	G
7	92239531	0.7549	0.0549	0.0083	3.756e-11	1.05643496589655	1.03938791850848	1.07376160266553	A	G
7	106437611	0.8222	-0.0487	0.0094	2.465e-07	0.95246682688985	0.935079244321294	0.970177727540178	T	C
7	108198301	0.9852	-0.109	0.0309	0.0004189	0.896730417498235	0.844032734656729	0.952718311326634	A	G
7	150695726	0.3017	0.0476	0.0083	8.969e-09	1.0487510709848	1.03182801392733	1.06595168385226	T	C
9	17000855	0.1115	0.0622	0.0114	4.66e-08	1.06417515847764	1.04066090823151	1.08822072489052	A	G
9	22105927	0.5094	-0.0458	0.007	4.375e-11	0.955232989685265	0.942216689069004	0.96842910465177	T	C
9	136154304	0.223	0.0624	0.0102	1.038e-09	1.06438801479426	1.04332006651209	1.08588139191564	T	C
10	105601210	0.3468	-0.0409	0.0087	2.334e-06	0.959925117660099	0.943695243721378	0.976434116464416	T	C
10	121010256	0.876	-0.0778	0.0114	1.066e-11	0.92514943792937	0.904707130828666	0.946053649115229	A	G
11	1898664	0.5969	-0.0291	0.0075	0.0001013	0.971319327677079	0.957145367404896	0.985703184122443	T	C
11	9769562	0.3298	-0.0367	0.008	3.93e-06	0.963965281559421	0.948968190406352	0.979199380386011	C	G
12	20577593	0.5934	0.0401	0.0073	3.378e-08	1.04091486047403	1.02612749175643	1.0559153277348	A	C
12	54433483	0.6723	0.0369	0.0078	2.159e-06	1.03758925672437	1.02184723081845	1.05357379576938	A	C
12	111910219	0.4789	0.0645	0.0071	1.222e-19	1.06662557824465	1.05188521800237	1.08157249925644	A	G
12	113007602	0.701	0.0479	0.0081	3.355e-09	1.04906574350462	1.03254228602261	1.06585362080831	T	C
12	115555867	0.608	0.0257	0.0072	0.0003836	1.02603309236962	1.01165540096787	1.0406151201589	A	G
13	47252379	0.7303	0.0446	0.0081	3.564e-08	1.04560953243583	1.02914051249217	1.06234210105394	A	G
15	91421283	0.6575	-0.0455	0.0078	6.596e-09	0.955519602571954	0.941022715446516	0.970239820901707	T	C
15	96119880	0.3667	0.0408	0.0079	2.605e-07	1.04164375596002	1.02563917129984	1.05789808413363	A	G
17	56570500	0.8024	-0.0519	0.009	9.176e-09	0.949423804476376	0.932822819725499	0.966320228713587	T	C
19	10737581	0.2038	-0.0486	0.0095	3.194e-07	0.952562078335032	0.934989481022547	0.97046494265327	A	G
19	11196886	0.8895	0.0652	0.0113	7.85e-09	1.06737247753367	1.04399218103257	1.09127637782646	T	C
20	33767770	0.1105	-0.0713	0.0113	2.535e-10	0.931182495471548	0.910785377034445	0.95203640916583	T	C
1	38409073	0.5254	-0.0181	0.0075	0.01533	0.982062821165706	0.967732086653011	0.996605773454898	A	G
2	61471018	0.8448	-0.053	0.0107	6.516e-07	0.948380012482298	0.928697697012757	0.96847946427455	A	C
4	57824932	0.7961	-0.0244	0.0086	0.004474	0.97589527356645	0.95958344513953	0.992484384545479	A	G
4	138466838	0.8399	-0.0502	0.0096	1.819e-07	0.951039197639134	0.933311746970786	0.969103365924312	T	C
5	127909723	0.6931	-0.0266	0.0075	0.0004	0.973750663900229	0.959541224396807	0.98817052497374	T	C
5	142494165	0.5226	-0.0262	0.0073	0.0003328	0.97414024207623	0.960301482068827	0.988178430369561	A	G
11	9322132	0.9257	-0.0531	0.0136	9.161e-05	0.948285179222792	0.923341614256717	0.973902580853012	T	G
11	65566719	0.5539	0.0251	0.0073	0.0005898	1.02541765716323	1.0108504436842	1.04019479656143	T	G
14	100135718	0.1723	-0.0242	0.0093	0.009133	0.97609047214037	0.958459472118672	0.994045796946587	A	G
16	83045790	0.7566	0.0368	0.0086	1.735e-05	1.03748550298647	1.02014421035136	1.05512157789569	A	G
17	17877771	0.3478	0.0328	0.0073	7.16e-06	1.03334384980309	1.01866403582469	1.0482352123695	T	C
18	46528787	0.2779	-0.027	0.0083	0.001198	0.973361241524337	0.957654704211934	0.989325382452386	T	C
