chromosome	base_pair_location	effect_allele_frequency	beta	standard_error	p_value	odds_ratio	ci_lower	ci_upper	effect_allele	other_allele
1	8482078	0.5746	0.0154	0.0066	0.02051	1.01551919106144	1.00246703814282	1.02874128342877	T	C
1	16126676	0.3233	-0.0047	0.0072	0.5132	0.99531102771648	0.981363841303396	1.0094564321611	A	G
1	18123443	0.8437	-0.0007	0.0089	0.9394	0.999300244942843	0.982019611352198	1.0168849664497	T	G
1	32207581	0.8114	-0.0043	0.0087	0.6199	0.995709231763066	0.978874340151387	1.01283365346451	T	G
1	35765084	0.9592	-0.0113	0.0198	0.5665	0.988763605194998	0.951126697270238	1.02788983819307	A	G
1	37167333	0.3047	0.0088	0.0069	0.1979	1.00883883382898	0.995287140538462	1.02257504511793	T	G
1	37672580	0.7078	-0.008	0.0071	0.2593	0.992031914837061	0.978322410682283	1.00593353408817	A	C
1	38431554	0.7306	0.0072	0.0073	0.3242	1.00722598232014	0.992917202084508	1.0217409642324	T	C
1	41104664	0.4702	-0.0101	0.0065	0.1177	0.989950833715877	0.977418858280308	1.00264348786865	A	G
1	50316592	0.2166	0.0059	0.0078	0.4461	1.00591743928038	0.990655929693864	1.0214140594314	T	C
1	50456837	0.1153	-0.005	0.0102	0.6237	0.995012479192682	0.975317714538839	1.01510494374369	T	C
1	52339759	0.4754	0.0012	0.0064	0.8494	1.00120072028809	0.988720100553479	1.01383888296015	T	C
1	61738270	0.4657	0.0066	0.0069	0.3326	1.00662182799517	0.993099915658825	1.02032785283655	T	C
1	66461401	0.5378	0.0149	0.0065	0.02052	1.01501155838465	1.00216233448052	1.02802552860708	A	G
1	67500894	0.2423	-0.0072	0.008	0.3668	0.992825857903813	0.977379762307901	1.00851605704919	T	C
1	72747844	0.5002	-0.0019	0.0067	0.781	0.998101803857376	0.985080416525367	1.0112953157441	T	C
1	72891435	0.1826	0.0017	0.0084	0.838	1.00170144581918	0.985344453456364	1.01832996881093	A	G
1	73661616	0.5026	-0.0004	0.0064	0.9541	0.999600079989334	0.987139413279626	1.01221803776934	T	C
1	80831434	0.2708	0.0118	0.0076	0.1177	1.0118698946484	0.996908787665854	1.02705553041925	A	G
1	84119728	0.4396	0.0009	0.0065	0.8952	1.00090040512153	0.988229816983981	1.01373344919897	T	C
1	87370742	0.8575	-0.0159	0.0093	0.08755	0.984225737708091	0.966447791402729	1.00233071189602	A	G
1	87950184	0.6082	-0.0077	0.0069	0.2663	0.992329569057412	0.978999644086207	1.00584099246001	A	G
1	88846367	0.6484	0.0088	0.007	0.2078	1.00883883382898	0.995092083375143	1.02277548946968	A	T
1	96835923	0.7279	0.0086	0.0074	0.2428	1.00863708623765	0.994113394359066	1.02337296480135	C	G
1	118013322	0.6707	0.0039	0.0071	0.5825	1.00390761489615	0.990033993078554	1.01797565163654	A	G
1	154207635	0.1039	-0.0014	0.0125	0.9133	0.998600979542827	0.974432527989548	1.02336887131768	T	G
1	154555733	0.7295	0.0112	0.0077	0.1442	1.01126295481177	0.996115564015768	1.02664068378962	A	T
1	168904381	0.0891	0.0093	0.0117	0.4261	1.00934337937177	0.986460494937979	1.03275707715561	C	G
1	173868955	0.2024	-0.0049	0.0081	0.5441	0.99511198541583	0.979438334186003	1.01103645727856	T	C
1	176318604	0.4391	-0.0061	0.0067	0.3618	0.993918567227454	0.980951755034223	1.00705678256828	T	C
1	177394187	0.8452	0.0079	0.0089	0.3745	1.00793128733572	0.990501399422506	1.02566788959869	A	G
1	181591756	0.0628	0.0122	0.0138	0.377	1.01227472356665	0.985261687998472	1.04002837870777	T	C
1	190048077	0.6593	-0.0084	0.0068	0.2203	0.991635181423098	0.978506352585488	1.00494016256283	T	C
1	191349614	0.4728	-0.0045	0.0065	0.4857	0.995510109829571	0.98290775846287	1.00827404223844	T	C
1	196620917	0.2561	-0.0035	0.0095	0.7133	0.996506117860415	0.978122853266052	1.01523488549258	T	C
1	197446702	0.4135	0.0073	0.0066	0.2671	1.00732670995467	0.994379852452544	1.0204421359558	T	G
1	198447754	0.9443	-0.0172	0.0144	0.2309	0.982947075559546	0.95559222482136	1.01108498819325	T	C
1	201763184	0.3283	-0.0101	0.007	0.1509	0.989950833715877	0.976461457002443	1.00362656011348	T	C
1	214124818	0.4355	-0.0019	0.0065	0.7751	0.998101803857376	0.985466643744234	1.01089896567002	T	C
1	214423797	0.2815	0.004	0.0075	0.5913	1.00400801067734	0.989357041371165	1.01887593998141	A	T
1	216292566	0.4951	0.0	0.0065	0.9939	1.0	0.987340810261728	1.0128214995336	T	G
1	217064958	0.6642	0.0045	0.0075	0.546	1.0045101402046	0.989851843582095	1.01938550533212	A	G
1	227004367	0.5323	-0.0095	0.0064	0.1383	0.9905449824429	0.97819719342779	1.0030486376725	A	G
1	241806189	0.6549	0.0162	0.0077	0.03596	1.0163319314671	1.00110861405877	1.03178674163223	T	C
1	244340598	0.8171	-0.0123	0.0086	0.1512	0.987775335806853	0.971264935317729	1.00456639434755	T	C
1	246194044	0.7694	-0.003	0.0078	0.7035	0.997004495503373	0.981878210709254	1.01236380766196	C	G
2	5891511	0.7708	0.0039	0.0079	0.6159	1.00390761489615	0.988482836202207	1.01957308952232	A	G
2	10182496	0.1879	0.0111	0.0093	0.2319	1.01116183357244	0.992897343939049	1.02976230112298	A	G
2	15410107	0.5503	0.003	0.0064	0.6385	1.00300450450338	0.990501399422506	1.01566543635436	A	G
2	22171546	0.5141	0.0024	0.0067	0.7249	1.00240288230538	0.989325382452386	1.01565324844225	A	G
2	22558876	0.392	0.0048	0.0066	0.4619	1.00481153845414	0.991897007670538	1.01789421684185	A	G
2	22888130	0.3737	0.0072	0.0069	0.2924	1.00722598232014	0.993695954401962	1.020940233244	A	G
2	24133027	0.8557	-0.0073	0.0103	0.4785	0.992726580281987	0.972886357119692	1.0129714082085	T	C
2	28042059	0.219	-0.0002	0.008	0.976	0.999800019998667	0.984245422419692	1.01560043584647	T	C
2	34356201	0.3374	0.015	0.0075	0.04601	1.01511306461572	1.0003000450045	1.03014544395915	A	G
2	44207974	0.3556	-0.0044	0.0071	0.5356	0.99560966581827	0.981850718504247	1.00956142108937	C	G
2	50392938	0.935	0.0009	0.0134	0.948	1.00090040512153	0.974954963824846	1.02753630489994	A	G
2	50970292	0.7964	-0.0081	0.008	0.3076	0.991932716605571	0.976500516241903	1.00760880092435	T	G
2	50976459	0.1246	0.0074	0.01	0.4587	1.00742744766246	0.987874118279475	1.02736780276349	T	G
2	57987593	0.5461	-0.0057	0.0064	0.3715	0.994316214178433	0.981921414300997	1.00686747368875	T	C
2	58667149	0.125	-0.0025	0.0097	0.7952	0.99750312239746	0.978717732785886	1.01664907650178	A	G
2	58881871	0.8623	0.0009	0.0094	0.9228	1.00090040512153	0.982628652294419	1.01951191697214	A	G
2	58969692	0.9732	-0.0282	0.0207	0.1721	0.972193908574358	0.933539502822131	1.01244884979353	A	T
2	60159532	0.3336	-0.0157	0.0071	0.02809	0.98442260254146	0.970818256191558	0.998217590382112	A	G
2	60477052	0.3625	-0.0023	0.0069	0.7375	0.997702642973332	0.984300541706673	1.01128722541393	A	T
2	71563549	0.4488	0.0078	0.0067	0.2414	1.00783049924647	0.99468218988065	1.02115261089903	T	G
2	76776812	0.2473	-0.005	0.0077	0.5152	0.995012479192682	0.980108499176885	1.0101430959742	T	C
2	86825143	0.1398	-0.01	0.0095	0.293	0.990049833749168	0.971785672868256	1.0086572591811	T	C
2	100109001	0.4329	0.014	0.0065	0.03201	1.01409845893849	1.0012607941335	1.02710072185679	T	C
2	104489351	0.3313	0.0036	0.0069	0.601	1.003606487783	0.990125080395869	1.01727145616535	T	C
2	104984959	0.7818	-0.0085	0.0079	0.2842	0.991536022862967	0.976301330454231	1.00700844500283	A	G
2	113234316	0.2769	-0.0109	0.0075	0.1462	0.989159189748713	0.974724901601794	1.00380722915403	T	C
2	125052996	0.3453	0.0046	0.0069	0.5014	1.00461059624134	0.991115700703868	1.01828923642683	A	T
2	125278565	0.3257	0.0046	0.007	0.5082	1.00461059624134	0.990921461062636	1.01848884067774	T	C
2	138394450	0.2829	0.0096	0.0072	0.1836	1.00964622781057	0.995498163779929	1.02399536475436	T	G
2	142489456	0.1372	0.0117	0.0098	0.2324	1.01176871271812	0.992520114626461	1.03139061158528	T	C
2	144074905	0.3688	-0.0038	0.007	0.5814	0.996207210863348	0.982632582816889	1.00996936630288	A	G
2	144158287	0.4474	0.007	0.0065	0.2823	1.00702455726685	0.994276442325308	1.01993612215817	T	C
2	145792165	0.2605	-0.0007	0.0074	0.9269	0.999300244942843	0.984910997264199	1.01389971511807	T	C
2	146681518	0.7639	0.0019	0.008	0.8091	1.00190180614371	0.98631450958791	1.01773543772911	T	C
2	148993376	0.0988	0.009	0.011	0.4122	1.00904062177387	0.987518547603456	1.03103175009797	A	G
2	153268611	0.2522	0.0086	0.0075	0.2476	1.00863708623765	0.993918567227454	1.02357356556068	A	G
2	155246261	0.7043	-0.0021	0.007	0.7647	0.99790220345731	0.984304478916714	1.01168777445867	A	G
2	155945716	0.4844	0.0066	0.0065	0.3115	1.00662182799517	0.993878811279889	1.01952822929331	A	G
2	157145541	0.21	-0.0001	0.0079	0.9866	0.999900004999833	0.984536802186806	1.01550294288437	T	G
2	160354670	0.1942	-0.0101	0.0082	0.2164	0.989950833715877	0.974167518384875	1.00598986794341	A	G
2	161440199	0.3292	0.0088	0.0069	0.2011	1.00883883382898	0.995287140538462	1.02257504511793	A	C
2	162033854	0.6922	0.0038	0.007	0.5834	1.00380722915403	0.990129040904112	1.01767437543474	T	C
2	162226838	0.2255	0.0217	0.0079	0.00604	1.02193715733147	1.00623535941993	1.03788397392114	A	G
2	164915279	0.7724	-0.0173	0.0078	0.02626	0.982848785766561	0.967937267603794	0.997990022715205	A	G
2	165045101	0.579	0.008	0.0065	0.2157	1.00803208550427	0.995271216071609	1.02095656841842	A	G
2	172865775	0.4333	-0.0085	0.0065	0.1884	0.991536022862967	0.978983980217213	1.00424900151765	A	G
2	173797297	0.6794	0.0121	0.0073	0.09971	1.01217350115549	0.997794435838893	1.02675978101645	A	G
2	175239185	0.4339	-0.0016	0.0066	0.8037	0.998401279317606	0.985569137604772	1.01140049592621	A	C
2	176727834	0.5218	0.0033	0.0065	0.6153	1.00330545099444	0.990604416924864	1.01616933136642	T	C
2	185785791	0.5919	-0.0051	0.0065	0.438	0.99491298291966	0.98231819069581	1.00766925926613	A	G
2	191741948	0.2416	-0.0107	0.0075	0.1532	0.989357041371165	0.974919866077912	1.00400801067734	A	G
2	198413692	0.6508	-0.0104	0.007	0.1372	0.989653893009096	0.976168562501714	1.00332551730413	C	G
2	208076936	0.6729	0.0049	0.0071	0.4893	1.00491202463221	0.991024522253676	1.01899413644571	A	G
2	208533370	0.235	0.0059	0.0079	0.4583	1.00591743928038	0.99046178015892	1.02161427620766	A	G
2	210065783	0.4805	0.0143	0.0064	0.02671	1.01440273411517	1.00175754267084	1.02720754588662	A	G
2	212031837	0.4867	0.0023	0.0065	0.7232	1.002302647029	0.989614307645088	1.0151536699504	A	G
2	212693775	0.827	-0.0098	0.0092	0.2863	0.990247863518235	0.972551741769983	1.00826597607837	T	C
2	212710934	0.6935	-0.0021	0.0075	0.7797	0.99790220345731	0.983340333036021	1.01267971444885	A	G
2	215406362	0.2789	0.0015	0.0071	0.8387	1.00150112556271	0.987660760513395	1.01553543949848	T	C
2	222875933	0.512	0.0027	0.0068	0.6933	1.00270364828272	0.989428277642619	1.01615713740761	A	G
2	226360417	0.2956	0.0017	0.0071	0.8128	1.00170144581918	0.98785831242003	1.01573856689845	A	G
2	233696701	0.6384	-0.0157	0.0069	0.02289	0.98442260254146	0.971198891547641	0.997826365771716	A	C
2	241713646	0.66	-0.0132	0.0071	0.06354	0.98688673793365	0.973248338168841	1.00071625638919	A	G
3	2322703	0.3712	-0.0144	0.0067	0.03256	0.985703184122443	0.972843551061719	0.998732803572321	T	C
3	5767413	0.1845	0.0066	0.0086	0.4443	1.00662182799517	0.989796413430913	1.0237332554924	T	C
3	8278215	0.538	0.0075	0.0069	0.2741	1.00752819544453	0.993994107909073	1.02124656126088	T	C
3	12259813	0.7271	-0.0089	0.0073	0.221	0.991139487766128	0.977059234315329	1.00542264962849	A	G
3	16862555	0.3789	0.0017	0.0066	0.8011	1.00170144581918	0.988826888090762	1.01474363070125	C	G
3	18705035	0.7112	0.0203	0.0072	0.005186	1.02050744634242	1.00620718522431	1.03501094340541	A	G
3	43537085	0.8824	-0.0221	0.0101	0.02914	0.978142415918743	0.958969508215412	0.997698652170742	T	C
3	44464619	0.3341	0.0033	0.007	0.6403	1.00330545099444	0.989634100129165	1.01716566543512	T	C
3	49213637	0.7859	-0.0009	0.0087	0.9179	0.999100404878527	0.982208177219322	1.01628314870519	T	C
3	52540773	0.5328	-0.0042	0.0066	0.5256	0.995808807664954	0.9830099861855	1.00877427020967	T	C
3	54424687	0.2465	-0.0003	0.0078	0.9644	0.9997000449955	0.984532864047474	1.01510088333203	T	G
3	61162427	0.4135	0.0033	0.0065	0.613	1.00330545099444	0.990604416924864	1.01616933136642	T	C
3	61850364	0.6457	-0.0002	0.0069	0.9784	0.999800019998667	0.986369744747017	1.01341316003738	T	C
3	65711935	0.071	-0.0068	0.0131	0.6062	0.993223067683635	0.968045682648895	1.01905527792812	T	C
3	70330440	0.7316	0.0022	0.0073	0.7689	1.00220242177564	0.987965006879168	1.0166450099136	A	C
3	71321319	0.1297	-0.021	0.0097	0.0311	0.97921896456946	0.96077790974823	0.998013974763174	A	G
3	71536083	0.3148	-0.0114	0.0069	0.09793	0.988664733778132	0.975384038398413	1.00212625728588	C	G
3	71814431	0.8735	-0.0241	0.0098	0.01446	0.976188086068199	0.957616398789879	0.995119946343557	T	C
3	76211681	0.5212	0.0124	0.0065	0.05573	1.0124771987582	0.99966005779345	1.02545867468986	A	C
3	77246944	0.7563	-0.0021	0.0077	0.7851	0.99790220345731	0.982954939167604	1.01307676271329	T	G
3	78592839	0.451	-0.0092	0.0065	0.1552	0.990842190516615	0.978298931226181	1.00354627320019	A	G
3	107545170	0.5139	-0.0022	0.0064	0.733	0.997802418226309	0.985364160542504	1.01039768411115	A	G
3	107994684	0.1185	0.0195	0.0102	0.0574	1.01969136686066	0.999508121012153	1.04028217659426	A	G
3	110136153	0.3663	-0.005	0.0068	0.4641	0.995012479192682	0.981838936366318	1.00836277425831	T	C
3	114599972	0.7499	-0.0043	0.0075	0.5696	0.995709231763066	0.981179362242806	1.01045426796579	T	C
3	116018631	0.8833	-0.0118	0.0101	0.2405	0.988269346967255	0.968897937786888	1.008028053384	T	C
3	117623116	0.8132	-0.0064	0.0086	0.4519	0.993620436379149	0.977012336597636	1.01051085498922	T	C
3	117834868	0.7416	-0.0001	0.0074	0.9849	0.999900004999833	0.985502121181999	1.0145082374856	A	G
3	132663169	0.536	0.0035	0.0065	0.5856	1.00350613215209	0.990802557621658	1.01637258555744	A	G
3	142800392	0.7523	-0.0097	0.0075	0.1955	0.990346893255991	0.97589527356645	1.0050125208594	A	G
3	144249167	0.4465	0.0101	0.0069	0.1449	1.0101511771513	0.996581855203355	1.02390525712705	T	C
3	152151665	0.1001	0.0106	0.0113	0.3501	1.01065637902982	0.988518422224855	1.03329011731996	T	G
3	157406565	0.1455	0.0077	0.0101	0.4426	1.00772972123553	0.987976862530385	1.02787750358902	T	C
3	157899163	0.5747	-0.0101	0.0066	0.127	0.989950833715877	0.97722730295712	1.00284002525231	A	G
3	161722384	0.2483	-0.0039	0.0077	0.6086	0.996107595123132	0.981187211709102	1.01125486474049	A	C
3	165478486	0.2668	-0.0115	0.0073	0.1183	0.988565872247913	0.974522179906048	1.00281194612471	A	C
3	167191652	0.4033	0.0024	0.0067	0.7205	1.00240288230538	0.989325382452386	1.01565324844225	T	C
3	173119768	0.4563	-0.0092	0.0066	0.1622	0.990842190516615	0.978107203425599	1.00374298754712	A	G
3	175948250	0.6581	-0.0031	0.0068	0.6466	0.996904800038679	0.983706203687633	1.01028048477748	A	G
3	178280719	0.4673	-0.0122	0.0064	0.05665	0.987874118279475	0.975559623327494	1.00034405917479	T	C
3	184924892	0.3413	0.0106	0.0068	0.1183	1.01065637902982	0.997275717610684	1.02421657164263	C	G
3	185822774	0.1649	-0.0064	0.009	0.4749	0.993620436379149	0.976246659110537	1.01130340613898	A	G
3	190558711	0.3843	-0.0052	0.0069	0.4487	0.994813496595767	0.981450205121383	1.00835874081528	A	T
3	193413502	0.5192	-0.0123	0.0064	0.05598	0.987775335806853	0.975462072242797	1.00024402977042	T	C
4	3186244	0.4815	0.0033	0.0065	0.6158	1.00330545099444	0.990604416924864	1.01616933136642	A	G
4	16832297	0.7574	0.0112	0.0076	0.141	1.01126295481177	0.996310821800953	1.02643948193403	A	G
4	17259101	0.6637	0.0066	0.007	0.3405	1.00662182799517	0.992905287149573	1.02052785669544	A	G
4	21866646	0.4077	-0.0116	0.0067	0.08343	0.988467020603353	0.975571330113215	1.0015331741115	T	C
4	28296275	0.6759	0.007	0.0084	0.3999	1.00702455726685	0.990580642704149	1.0237414453912	A	G
4	39978704	0.7516	-0.0014	0.0078	0.858	0.998600979542827	0.983450473321062	1.01398488627128	C	G
4	42086277	0.826	-0.0181	0.0085	0.03259	0.982062821165706	0.965837189369129	0.998561036302515	A	C
4	47276305	0.6176	0.0095	0.007	0.1737	1.00954526823586	0.995788891687962	1.02349168295078	T	G
4	56455791	0.3655	-0.0033	0.0067	0.6171	0.996705439015438	0.983702268870687	1.00988049290913	A	T
4	62080215	0.8083	-0.0265	0.0082	0.001291	0.973848043835535	0.958321463891518	0.989626183088032	A	G
4	67107517	0.2816	-0.0023	0.0076	0.7648	0.997702642973332	0.982951007355711	1.01267566373809	A	T
4	80217741	0.487	-0.0001	0.0066	0.9918	0.999900004999833	0.98704860063105	1.01291873506478	T	C
4	90917853	0.3736	0.0019	0.0069	0.7859	1.00190180614371	0.988443297679535	1.0155435638145	A	T
4	97634673	0.39	-0.0012	0.0068	0.8599	0.998800719712086	0.985577022189411	1.0122018424103	A	G
4	101508622	0.4749	0.0143	0.0066	0.02979	1.01440273411517	1.0013649306711	1.02761029017733	T	C
4	102319286	0.5146	-0.0098	0.0066	0.1395	0.990247863518235	0.977520515127633	1.0031409223922	A	G
4	113427134	0.5142	0.0035	0.0064	0.5858	1.00350613215209	0.990996773955531	1.01617339605188	A	G
4	115522306	0.1614	0.0212	0.009	0.01829	1.02142631647366	1.00356634432637	1.03960413368113	A	G
4	119000833	0.0844	0.0142	0.0116	0.22	1.0143012989136	0.991500328208651	1.03762661060997	T	G
4	123388893	0.9484	0.0175	0.0147	0.2341	1.01765402215076	0.988751740102927	1.04740114914166	C	G
4	138600529	0.1879	-0.0112	0.0084	0.1824	0.9888624864995	0.972715144188019	1.00527787919067	A	G
4	140910848	0.4684	0.0115	0.0065	0.07527	1.0115663792096	0.998760768482328	1.02453617706884	T	C
4	143500223	0.2895	0.0139	0.0074	0.06155	1.01399705416292	0.999396182371281	1.02881124021455	A	G
4	164215095	0.2814	0.0133	0.0073	0.06822	1.0133888384134	0.998992507861344	1.02799263231651	T	C
4	164483890	0.4316	-0.009	0.0066	0.1711	0.991040378772884	0.978302844429732	1.00394375622082	T	C
4	176731401	0.0601	-0.0051	0.014	0.7132	0.99491298291966	0.96798372970772	1.02259140644955	A	G
4	183719751	0.1605	-0.0092	0.0098	0.3498	0.990842190516615	0.971991713270415	1.01005824751783	C	G
5	3416705	0.2994	0.0058	0.007	0.4082	1.00581685256587	0.992111280564834	1.01971176089194	T	C
5	7418682	0.2281	0.0004	0.008	0.9622	1.00040008001067	0.984836146872758	1.01620997895263	T	C
5	20143940	0.5323	-0.0176	0.0069	0.01123	0.982553975354604	0.969355365557985	0.9959322956132	A	G
5	24192081	0.568	0.0007	0.0072	0.9169	1.00070024505718	0.98667754012096	1.01492224129753	A	G
5	27070974	0.3863	0.0009	0.0069	0.8922	1.00090040512153	0.987455348438805	1.01452852785325	A	G
5	29264189	0.6787	-0.0069	0.0068	0.306	0.993123750342816	0.979975213484629	1.00644870392985	T	C
5	30148789	0.5272	0.0027	0.0068	0.6917	1.00270364828272	0.989428277642619	1.01615713740761	T	C
5	30842054	0.4767	0.0037	0.0064	0.5639	1.00370685344998	0.991194993131579	1.01637665105591	T	G
5	31062973	0.6674	-0.0001	0.0072	0.9861	0.999900004999833	0.985888513741496	1.01411062819302	A	T
5	45266078	0.9712	-0.0179	0.024	0.4559	0.982259253372505	0.937123689111961	1.02956872400719	T	C
5	51693979	0.0368	0.0222	0.0191	0.2439	1.02244825367357	0.984879480616556	1.06145010837843	A	G
5	53318932	0.9335	-0.0047	0.0131	0.7166	0.99531102771648	0.970080714618151	1.0211975426024	C	G
5	61514611	0.4887	0.001	0.0064	0.8712	1.00100050016671	0.988522376306452	1.01363613545898	T	C
5	77044431	0.849	-0.0004	0.0092	0.9678	0.999600079989334	0.981736830426536	1.01778836134788	A	G
5	77657957	0.7811	-0.0037	0.0078	0.6379	0.996306836565637	0.981191136465798	1.01165540096787	T	G
5	88036486	0.5709	0.001	0.0075	0.8926	1.00100050016671	0.986393417904968	1.01582389252169	T	C
5	92519387	0.4372	-0.0102	0.0065	0.1138	0.989851843582095	0.977321121281411	1.00254322853291	A	G
5	93094118	0.0819	0.0084	0.012	0.484	1.0084353789918	0.984993733262833	1.03243490720866	T	C
5	102956594	0.459	0.0018	0.0065	0.7807	1.00180162097244	0.989119624172439	1.01464621998849	A	G
5	103991476	0.5928	-0.0025	0.0065	0.7059	0.99750312239746	0.984875541106512	1.01029260821604	A	C
5	105187383	0.9072	-0.004	0.011	0.7158	0.996007989343991	0.974763891377648	1.0177150832239	T	C
5	106985611	0.1294	-0.0035	0.0103	0.732	0.996506117860415	0.976590358422074	1.01682802248602	C	G
5	111100771	0.7241	-0.0056	0.0074	0.4444	0.994415650771598	0.980096737945462	1.00894375852369	T	G
5	117412944	0.0833	0.0044	0.0114	0.6973	1.00440969421296	0.98221603491617	1.0271048302679	A	G
5	120084621	0.3065	-0.0053	0.0071	0.4559	0.994714020220009	0.980967450387866	1.00865322456013	C	G
5	122321622	0.6473	0.0016	0.0069	0.8226	1.00160128068294	0.988146809165731	1.01523894644024	T	C
5	124262051	0.5465	-0.0118	0.0065	0.07214	0.988269346967255	0.975758657791478	1.00094044193846	T	C
5	124980248	0.6419	-0.0066	0.0068	0.3317	0.993421732162957	0.980269250151969	1.00675068383575	A	G
5	137757377	0.8083	-0.01	0.0084	0.2323	0.990049833749168	0.973883102996174	1.00648493673538	A	C
5	140126139	0.5117	-0.0101	0.0065	0.1187	0.989950833715877	0.977418858280308	1.00264348786865	T	G
5	143877756	0.6992	0.0068	0.0072	0.3395	1.00682317249454	0.992714667634499	1.02113218805104	T	C
5	148747902	0.201	-0.0096	0.0083	0.2486	0.990445932897216	0.974463710329359	1.00669028060683	C	G
5	152552519	0.394	-0.0012	0.0068	0.8632	0.998800719712086	0.985577022189411	1.0122018424103	A	C
5	153215007	0.1788	-0.0003	0.0083	0.9706	0.9997000449955	0.983568494458987	1.01609616980841	T	C
5	155119877	0.5345	0.004	0.0065	0.5368	1.00400801067734	0.991298082771433	1.01688089891797	A	G
5	161010597	0.8794	0.0074	0.0106	0.4885	1.00742744766246	0.986713061151779	1.02857669799061	A	G
5	164523472	0.4572	-0.0034	0.0065	0.6037	0.996605773454898	0.983989551874475	1.00938375391443	A	C
5	166877976	0.7213	0.0066	0.0079	0.407	1.00662182799517	0.991155346124799	1.02232965655491	T	C
5	166989513	0.3523	0.0033	0.007	0.6391	1.00330545099444	0.989634100129165	1.01716566543512	A	G
5	167166468	0.8363	-0.0071	0.0093	0.4418	0.992925145453899	0.974990062835323	1.01119014650016	C	G
5	170840142	0.6446	0.0047	0.0068	0.4878	1.00471106232418	0.991409114374357	1.01819148535226	A	G
5	175850820	0.2715	0.0086	0.0089	0.3329	1.00863708623765	0.991194993131579	1.02638610846869	T	C
6	396321	0.1258	-0.0009	0.0146	0.9526	0.999100404878527	0.97091534287143	1.02810366151626	T	C
6	4426142	0.334	0.0047	0.0069	0.4918	1.00471106232418	0.991214817229682	1.01839107044209	T	C
6	5419000	0.5117	0.0069	0.0065	0.2899	1.00692385984608	0.994177019652292	1.01983413364546	T	G
6	17028673	0.2547	0.0024	0.0083	0.7684	1.00240288230538	0.986227717729964	1.01884333647299	T	G
6	19327938	0.0897	0.0269	0.0112	0.0168	1.02726507111988	1.00496026156707	1.05006492962956	T	G
6	19780879	0.7384	-0.0086	0.0076	0.2576	0.991436874218195	0.976777881772557	1.00631586146872	A	G
6	28705074	0.0901	0.0222	0.0163	0.1736	1.02244825367357	0.990299357745976	1.05564082543644	T	G
6	29659124	0.7154	-0.0172	0.0095	0.07169	0.982947075559546	0.96481394436406	1.00142100867738	A	G
6	37660117	0.644	-0.0111	0.007	0.1099	0.988961377692628	0.975485483613466	1.00262343519942	A	G
6	39995063	0.7285	0.005	0.0072	0.4928	1.0050125208594	0.990929388466034	1.0192958033546	T	C
6	50807358	0.1117	-0.0042	0.0102	0.6778	0.995808807664954	0.976098280895382	1.0159173526189	T	C
6	53131343	0.9378	-0.0274	0.014	0.05022	0.972971974886245	0.946636597692812	1.00004000080001	T	G
6	65107133	0.3081	0.0054	0.007	0.4425	1.00541460627947	0.991714515410929	1.01930395775364	A	G
6	66565353	0.6309	-0.0089	0.0069	0.1965	0.991139487766128	0.97782554911118	1.00463470718498	A	G
6	76465003	0.8222	-0.0164	0.0088	0.06077	0.983733747846952	0.966911797695204	1.00084835965365	C	G
6	92648832	0.2913	0.0071	0.0077	0.3584	1.00712526475787	0.992039851124124	1.02244007412026	T	C
6	94122191	0.5227	-0.0049	0.0065	0.4487	0.99511198541583	0.982514673981623	1.00787081327272	T	C
6	99596909	0.4126	-0.0013	0.0065	0.8371	0.998700844633952	0.986058101149959	1.01150568704763	T	C
6	100109753	0.2096	0.0122	0.0081	0.1314	1.01227472356665	0.996330748216653	1.02847384546352	C	G
6	100679643	0.4388	-0.0159	0.0065	0.01541	0.984225737708091	0.971766237349154	0.996844987545069	T	G
6	100983589	0.5201	0.005	0.0067	0.4504	1.0050125208594	0.991900975266504	1.0182973827733	T	C
6	105369510	0.4585	0.0063	0.0064	0.3268	1.00631988674022	0.993775453258226	1.01902266868098	A	G
6	117080407	0.7809	0.0052	0.0083	0.5304	1.00521354346516	0.988993024963068	1.02170009541121	T	C
6	117823289	0.2523	0.0048	0.0074	0.5192	1.00481153845414	0.990342931876341	1.01949152693771	T	C
6	124292594	0.4097	-0.0086	0.007	0.2187	0.991436874218195	0.977927248256552	1.00513312959828	A	G
6	142987461	0.5279	0.0066	0.0064	0.309	1.00662182799517	0.994073630618572	1.01932842134219	T	G
6	143150043	0.7276	-0.0056	0.0072	0.4334	0.994415650771598	0.98048101117937	1.00854833007939	A	G
6	147973296	0.6665	-0.0006	0.007	0.9269	0.999400179964005	0.985782043531507	1.0132064448384	T	C
6	152263360	0.3354	0.0068	0.007	0.3322	1.00682317249454	0.993103888066433	1.0207319826787	A	G
6	157155257	0.1674	-0.0043	0.0087	0.6233	0.995709231763066	0.978874340151387	1.01283365346451	T	C
6	162969924	0.7847	-0.0069	0.008	0.3928	0.993123750342816	0.977673020223081	1.00881865725407	T	G
6	163558679	0.2002	-0.0028	0.0081	0.7333	0.997203916343893	0.981497315861877	1.01316186473559	A	G
6	164709971	0.9473	0.0049	0.0147	0.7396	1.00491202463221	0.976371626680657	1.03428668926355	A	G
6	164913801	0.8892	-0.0029	0.0109	0.7874	0.997104200938112	0.976028004349144	1.018635513631	C	G
6	165081297	0.2383	0.0187	0.0077	0.0144	1.01887593998141	1.00361451666702	1.0343694355085	A	G
7	1937261	0.2009	-0.0159	0.0083	0.05491	0.984225737708091	0.968343886640208	1.00036806772031	A	G
7	2760750	0.7401	-0.0064	0.0074	0.3914	0.993620436379149	0.979312974102444	1.00813692629279	A	C
7	3521803	0.2392	-0.0078	0.0075	0.299	0.992230341061989	0.977751237193336	1.00692385984608	T	C
7	4150203	0.1239	-0.0044	0.0099	0.6559	0.99560966581827	0.976477080510743	1.0151171250761	C	G
7	6524843	0.7235	0.0039	0.0073	0.589	1.00390761489615	0.98964597580962	1.01837477631531	C	G
7	6692096	0.0415	-0.0016	0.0172	0.9255	0.998401279317606	0.965304194360754	1.0326331537419	T	C
7	8680443	0.7082	-0.002	0.0074	0.7809	0.998001998667333	0.983631444857024	1.01258250186254	C	G
7	12263538	0.5966	-0.029	0.0066	1.054e-05	0.971416464466605	0.958931150202248	0.984064337922251	T	C
7	13953869	0.7485	-0.0006	0.0075	0.9348	0.999400179964005	0.984816450346786	1.01419987385505	C	G
7	14835477	0.9725	0.0094	0.0215	0.6622	1.00944431875659	0.967790152320163	1.05289130110188	T	C
7	16813427	0.4798	-0.001	0.0065	0.8791	0.999000499833375	0.986353962957356	1.01180918427605	T	C
7	21492589	0.5544	-0.0064	0.0064	0.3215	0.993620436379149	0.98123430982561	1.00616291308215	A	G
7	21911656	0.275	0.001	0.0078	0.8949	1.00100050016671	0.985813589061626	1.01642137261243	A	G
7	24428024	0.4922	0.0004	0.0065	0.9467	1.00040008001067	0.98773582558363	1.01322670916993	T	C
7	29836717	0.6556	-0.0018	0.0068	0.7933	0.998201619028437	0.984985853344486	1.01159470346475	T	C
7	32829130	0.6392	0.0037	0.0067	0.5828	1.00370685344998	0.990612341791898	1.01697445626424	T	G
7	48653581	0.6286	0.015	0.0077	0.05215	1.01511306461572	0.99990800423187	1.03054934013166	T	C
7	53794695	0.151	-0.0065	0.0091	0.4745	0.993521079303448	0.975957732862635	1.01140049592621	T	C
7	63841784	0.022	0.0326	0.0294	0.2669	1.03313720169863	0.975286504871331	1.09441940619745	A	G
7	68406045	0.5906	-0.0063	0.0071	0.3764	0.993719803391055	0.979986973257749	1.00764507549412	T	C
7	70209943	0.0765	0.0127	0.0123	0.3012	1.01278098748386	0.988656824491899	1.03749380290369	T	C
7	71369043	0.746	-0.001	0.0075	0.8961	0.999000499833375	0.98442260254146	1.01379427503068	T	G
7	73973096	0.1572	0.008	0.0097	0.4109	1.00803208550427	0.989048410123235	1.02738013125109	T	C
7	75189471	0.5653	-0.0106	0.0069	0.1231	0.989455982022252	0.976164657835274	1.00292827905764	A	G
7	75794223	0.3006	0.0041	0.0077	0.5902	1.00410841649862	0.989068191289249	1.0193773502807	T	G
7	78120735	0.5183	0.0046	0.0064	0.476	1.00461059624134	0.992087470179827	1.01729180179792	T	C
7	82450364	0.5307	0.0028	0.0064	0.6602	1.00280392366123	0.990303318951329	1.01546232357904	A	G
7	84405422	0.4862	0.0027	0.0065	0.6766	1.00270364828272	0.990010232547847	1.01555981264151	A	G
7	104581402	0.3954	0.0028	0.0066	0.6748	1.00280392366123	0.989915196127344	1.01586046284008	A	C
7	108213926	0.6693	-0.0007	0.0077	0.923	0.999300244942843	0.984332039827975	1.01449606345979	A	G
7	109104776	0.6227	0.0016	0.0066	0.8129	1.00160128068294	0.988728010345922	1.01464216141173	A	G
7	109996728	0.2278	0.0057	0.0078	0.4655	1.00571627590953	0.990457818319723	1.02120979704644	T	C
7	110156436	0.4419	-0.0047	0.0068	0.4907	0.99531102771648	0.982133532234398	1.00866532847145	A	G
7	111230244	0.5291	0.0037	0.0064	0.5692	1.00370685344998	0.991194993131579	1.01637665105591	T	C
7	111391927	0.9459	-0.0003	0.0149	0.9857	0.9997000449955	0.970926993925451	1.0293257744575	A	G
7	114059156	0.443	-0.0078	0.0065	0.2303	0.992230341061989	0.979669508910415	1.00495222191714	T	C
7	114672684	0.7307	-0.0143	0.0074	0.05281	0.985801759369535	0.971606880753827	1.00020402080941	A	C
7	115082406	0.5189	0.024	0.0067	0.0003641	1.02429031789062	1.01092727123733	1.03783000535769	A	G
7	117628555	0.4499	0.0052	0.0065	0.4216	1.00521354346516	0.992488354490958	1.01810188844387	T	C
7	121982909	0.8403	-0.0144	0.0088	0.1004	0.985703184122443	0.96884755640405	1.00285205940481	T	G
7	126396962	0.4013	0.0005	0.0065	0.9378	1.00050012502084	0.987834604105033	1.01332803690715	A	G
7	132568255	0.2514	0.0179	0.0074	0.01596	1.0180611651828	1.00340177294112	1.0329347266503	T	C
7	133770621	0.2694	-0.0058	0.0076	0.4492	0.994216787528431	0.979516692387024	1.00913749432337	A	G
7	135119417	0.3981	0.0023	0.007	0.7466	1.002302647029	0.988644960681188	1.01614900818303	A	G
7	140176596	0.7252	0.0086	0.008	0.2785	1.00863708623765	0.992945004155394	1.02457715933556	T	C
7	140651989	0.1592	-0.0065	0.0089	0.4637	0.993521079303448	0.9763403832885	1.01100410462958	A	G
7	144633224	0.4408	0.0102	0.0065	0.119	1.01025219731993	0.997463223070556	1.02320514539669	A	G
7	153473086	0.4725	0.0088	0.0069	0.1998	1.00883883382898	0.995287140538462	1.02257504511793	A	G
7	157505749	0.3194	-0.0182	0.0074	0.01343	0.98196461979374	0.967824993392782	0.996310821800953	T	G
8	4508910	0.8044	-0.0012	0.0084	0.883	0.998800719712086	0.982491093912409	1.01538108984255	C	G
8	4792627	0.3379	-0.0094	0.0069	0.1766	0.990644041894035	0.977336758544449	1.0041325153898	T	C
8	13961133	0.4504	-0.0101	0.0066	0.1231	0.989950833715877	0.97722730295712	1.00284002525231	T	G
8	14218081	0.719	0.0017	0.0072	0.8113	1.00170144581918	0.987664711164338	1.01593767116914	T	C
8	14628926	0.3917	0.0005	0.0069	0.9422	1.00050012502084	0.987060445285325	1.01412279759357	A	G
8	14976574	0.7924	-0.0042	0.008	0.5995	0.995808807664954	0.980316304205265	1.01154614808433	C	G
8	20681098	0.8293	-0.0063	0.0087	0.4699	0.993719803391055	0.976918547915251	1.01081001047512	A	G
8	22359156	0.452	0.0076	0.0065	0.2437	1.00762895330189	0.994873187196263	1.02054826745669	A	G
8	34514573	0.7391	-0.003	0.0073	0.6808	0.997004495503373	0.982840923007726	1.01137217710879	A	T
8	38025511	0.2302	0.0154	0.0077	0.04658	1.01551919106144	1.00030804743687	1.03096164232265	A	G
8	52811758	0.6597	0.0126	0.007	0.07161	1.01267971444885	0.998880626965911	1.02666943013122	T	C
8	60720695	0.4528	-0.0035	0.0064	0.5805	0.996506117860415	0.984084019405824	1.00908502053799	A	G
8	61791482	0.6546	-0.0146	0.0068	0.03244	0.985506063198368	0.972458381284148	0.998728808649096	A	G
8	64040337	0.0254	0.0067	0.0241	0.7808	1.00672249521124	0.960274594003763	1.05541705330213	T	C
8	64717459	0.5197	0.004	0.0066	0.5472	1.00400801067734	0.991103807386819	1.01708022710768	T	G
8	65543401	0.707	-0.0024	0.0072	0.7397	0.997602877697382	0.983623575836941	1.01178085401552	C	G
8	73889320	0.5506	0.0166	0.0065	0.01026	1.01673854555709	1.00386745939467	1.02977465834474	A	C
8	77632017	0.8371	-0.0088	0.0087	0.3093	0.991238606670767	0.974479301873456	1.00828614159954	A	G
8	87677567	0.5347	-0.0117	0.0064	0.06963	0.988368178843463	0.976047525104438	1.00084435626822	T	C
8	92687716	0.5396	-0.0038	0.0064	0.551	0.996207210863348	0.983788838479355	1.00878234043612	A	G
8	94583638	0.3429	-0.0024	0.0068	0.7266	0.997602877697382	0.984395039094479	1.01098792869331	A	G
8	129800770	0.3111	-0.0105	0.0074	0.1567	0.989554932567899	0.975306010796487	1.00401202671742	A	G
8	132855371	0.8057	-0.0041	0.0082	0.6165	0.995908393524931	0.980030093633214	1.01204395123872	T	G
8	143356114	0.0195	0.0387	0.0258	0.1326	1.03945859929006	0.988202146936488	1.09337364120045	A	G
9	2977388	0.62	0.0106	0.0069	0.1259	1.01065637902982	0.997080270724453	1.02441733776511	A	G
9	8436261	0.0592	-0.0034	0.0139	0.8061	0.996605773454898	0.96982076782106	1.02413054106395	A	T
9	10536719	0.2244	0.0105	0.0078	0.178	1.01055531844503	0.995223444199772	1.02612338725467	A	G
9	11274206	0.6132	0.0043	0.0068	0.5324	1.00430925826542	0.991012630030762	1.01778429020257	T	C
9	13704356	0.3297	0.0071	0.0071	0.3112	1.00712526475787	0.993207176241684	1.02123839132107	A	G
9	14066897	0.2947	0.0002	0.0074	0.9834	1.00020002000133	0.985797816170384	1.01481263561428	T	C
9	14620925	0.6985	0.0125	0.0073	0.08645	1.01257845154063	0.998193633447427	1.02717056708059	C	G
9	17024177	0.516	-0.0067	0.0066	0.3117	0.993322394956684	0.98055553056792	1.00625548432837	T	G
9	22731935	0.5603	-0.0136	0.0064	0.03439	0.98649206217889	0.974194795457267	0.998944557371788	A	G
9	23740210	0.2819	0.0	0.0072	0.9964	1.0	0.985987107522477	1.01421204432656	A	C
9	24190705	0.954	-0.006	0.0163	0.7144	0.994017964053935	0.962763003265736	1.02628758013171	A	G
9	26722558	0.1653	-0.0072	0.0087	0.4112	0.992825857903813	0.97603971675547	1.00990069072096	A	G
9	27878045	0.6746	-0.0064	0.0074	0.3861	0.993620436379149	0.979312974102444	1.00813692629279	A	C
9	28108007	0.4464	0.0003	0.0065	0.9658	1.0003000450045	0.987637056939587	1.01312539156498	T	C
9	31246469	0.6579	0.0098	0.007	0.1649	1.00984817725041	0.99608767317045	1.0237987765174	A	G
9	32349944	0.2006	-0.0092	0.0081	0.2526	0.990842190516615	0.975235791291642	1.00669833416129	T	G
9	37005561	0.4017	0.0033	0.0068	0.6268	1.00330545099444	0.990022112741919	1.01676701463493	A	G
9	37315476	0.3762	0.0078	0.0066	0.2409	1.00783049924647	0.99487716669697	1.02095248460031	T	C
9	81294157	0.345	0.018	0.0072	0.01211	1.01816297638979	1.00389556807705	1.0326331537419	T	G
9	82820997	0.167	0.0021	0.0087	0.8095	1.00210220654431	0.985159226111031	1.01933657600218	T	C
9	91926088	0.0803	0.0058	0.0122	0.6357	1.00581685256587	0.982051036482561	1.03015780577865	T	C
9	96225478	0.8349	-0.0093	0.0089	0.2943	0.99074311125161	0.97361045389999	1.00817725257636	A	T
9	98270171	0.6537	-0.0152	0.0067	0.02368	0.984914936916067	0.972065587447806	0.997934136838752	A	G
9	100742225	0.5461	-0.0171	0.0067	0.0103	0.983045375182001	0.970220416299336	0.996039862109612	T	C
9	102175261	0.323	-0.0047	0.0069	0.4966	0.99531102771648	0.981941052925669	1.00886304625154	C	G
9	108904396	0.9806	-0.0322	0.0283	0.2556	0.968312900131622	0.916064959809397	1.02354081173065	C	G
9	114952087	0.7843	0.0088	0.0085	0.2983	1.00883883382898	0.992170809027504	1.02578687397485	C	G
9	119731359	0.7091	-0.0011	0.0071	0.8818	0.998900604778228	0.985096177938123	1.01289847689266	T	C
9	120515918	0.3387	0.0011	0.007	0.8707	1.00110060522189	0.987459298268098	1.01493036070793	T	C
9	122673299	0.3844	-0.0024	0.0069	0.7238	0.997602877697382	0.984202116573841	1.01118610174766	T	G
9	125647367	0.1363	-0.0007	0.0105	0.9491	0.999300244942843	0.978944821641181	1.02007892321111	T	C
9	126584407	0.8334	0.0034	0.0087	0.6943	1.00340578655624	0.986440765925371	1.02066257526376	A	G
9	127997592	0.5551	0.0026	0.0065	0.6856	1.00260338293124	0.989911236474479	1.01545826173787	A	G
9	129656760	0.2533	-0.0155	0.008	0.05205	0.984619506751733	0.969301083177434	1.00018001620097	A	G
9	132969084	0.4253	0.0015	0.0068	0.8205	1.00150112556271	0.988241675812938	1.0149384801833	A	C
9	136930134	0.819	0.0093	0.0087	0.2876	1.00934337937177	0.992277969261428	1.02670228407864	T	C
9	137946850	0.1363	-0.0018	0.0094	0.8491	0.998201619028437	0.979979133393323	1.016762947575	A	G
9	140265782	0.1585	0.0224	0.0118	0.0573	1.02265276377463	0.999272264927707	1.04658030845233	T	C
10	1803525	0.5625	-0.0196	0.0066	0.002927	0.980590831202428	0.967987601650383	0.993358155206583	T	C
10	5945672	0.5257	-0.0031	0.0068	0.651	0.996904800038679	0.983706203687633	1.01028048477748	T	G
10	7450208	0.161	0.0092	0.0098	0.3439	1.00924245008038	0.99004191338218	1.02881535546774	A	G
10	12756713	0.5752	0.0164	0.0065	0.01212	1.01653521818139	1.0036667059788	1.02956872400719	A	C
10	18549016	0.5399	0.0024	0.0064	0.7127	1.00240288230538	0.989907276837452	1.01505621987577	A	G
10	22032942	0.2771	-0.0151	0.0075	0.04237	0.985013433334498	0.970639642065423	0.999600079989334	A	G
10	63646409	0.3331	-0.0045	0.0068	0.508	0.995510109829571	0.982329978584825	1.0088670817118	A	G
10	67769960	0.4721	0.0113	0.0065	0.08144	1.01136408616374	0.998561036302515	1.02433129032278	A	G
10	72884713	0.2539	0.0136	0.0077	0.07636	1.01369290067198	0.998509112478658	1.02910758052269	A	G
10	76848524	0.4171	0.0038	0.0065	0.5625	1.00380722915403	0.991099842979518	1.01667754307445	T	C
10	77617557	0.6933	0.0052	0.0072	0.4737	1.00521354346516	0.991127594163637	1.01949968290255	A	G
10	81010850	0.3544	-0.0089	0.0072	0.2184	0.991139487766128	0.977250756693834	1.00522560610006	T	G
10	92803991	0.8196	-0.0061	0.0087	0.483	0.993918567227454	0.977113951164508	1.01101219269477	T	C
10	99090390	0.5963	-0.0041	0.0065	0.5311	0.995908393524931	0.983301000209362	1.00867743252802	A	G
10	99839373	0.8264	-0.0173	0.0085	0.04248	0.982848785766561	0.96661016827096	0.999360204756316	A	G
10	104420754	0.2188	-0.0078	0.0079	0.3213	0.992230341061989	0.976984980635196	1.00771359768898	T	C
10	106559287	0.2197	0.0083	0.008	0.2946	1.0083345404959	0.992647165332205	1.02426983228912	T	C
10	106614571	0.3754	-0.0045	0.007	0.5164	0.995510109829571	0.981944980697736	1.00926263513123	A	G
10	110119994	0.4858	-0.0022	0.0067	0.747	0.997802418226309	0.984784936724596	1.01099197265311	T	G
10	115021616	0.0155	0.0452	0.0342	0.1872	1.04623708640265	0.978404593216398	1.11877238573246	T	G
10	118914837	0.5959	-0.0015	0.007	0.8305	0.998501124437711	0.984895238814311	1.01229496926357	T	C
10	120159905	0.5871	0.0016	0.0065	0.8033	1.00160128068294	0.988921820028679	1.01444331103607	A	G
10	125426627	0.6208	0.0111	0.0071	0.12	1.01116183357244	0.997187961208873	1.0253315256976	T	G
10	134954751	0.5907	-0.0052	0.0071	0.4676	0.994813496595767	0.981065552037905	1.00875409492602	T	C
11	371325	0.9	-0.0318	0.0125	0.01088	0.968700302767036	0.945255516694636	0.992726580281987	C	G
11	15714739	0.5093	-0.0059	0.0064	0.3621	0.994117370820596	0.981725049655256	1.00666612033002	A	G
11	16377044	0.7072	-0.0191	0.0075	0.01107	0.981081249212315	0.966764838271153	0.99560966581827	T	C
11	20262014	0.4354	-0.0047	0.0066	0.4747	0.99531102771648	0.982518604048179	1.00827000915034	T	C
11	24579950	0.6244	0.0038	0.0066	0.5626	1.00380722915403	0.990905606446096	1.01687683140251	A	G
11	28591587	0.5893	0.0037	0.0066	0.5793	1.00370685344998	0.990806520839815	1.01677514880358	T	C
11	29710982	0.6327	-0.0041	0.0067	0.5435	0.995908393524931	0.982915621756391	1.0090729115904	A	C
11	30602310	0.3899	0.0086	0.0067	0.1965	1.00863708623765	0.995478254015752	1.02196985984374	A	G
11	31835468	0.8126	0.0077	0.0083	0.3539	1.00772972123553	0.991468600705791	1.02425754112488	A	C
11	32927778	0.0391	-0.0003	0.0173	0.9868	0.9997000449955	0.966370478671967	1.0341791290411	T	G
11	38830472	0.5813	-0.01	0.007	0.1542	0.990049833749168	0.976559108030614	1.00372692778779	T	G
11	46077264	0.1808	0.0075	0.0084	0.3688	1.00752819544453	0.991076056868721	1.02425344410291	A	G
11	46327578	0.0502	0.0143	0.0152	0.3482	1.01440273411517	0.984627383739295	1.04507849768759	A	G
11	46447246	0.1252	0.0304	0.0114	0.007628	1.03086679821445	1.00808853688169	1.05415974567881	T	C
11	48239731	0.082	0.0101	0.012	0.4005	1.0101511771513	0.986669646732213	1.03419153926511	T	C
11	57435296	0.3349	0.0162	0.0067	0.01587	1.0163319314671	1.00307271112868	1.02976642018042	A	G
11	61251070	0.8811	0.0057	0.0109	0.6021	1.00571627590953	0.984458042393065	1.02743355640696	T	G
11	61571348	0.6739	0.0149	0.0069	0.03098	1.01501155838465	1.00137694712236	1.02883181664512	C	G
11	63680719	0.553	-0.0025	0.0075	0.7331	0.99750312239746	0.982947075559546	1.01227472356665	T	C
11	63859751	0.7478	0.0206	0.0078	0.008215	1.02081364450375	1.00532613368697	1.03653974753778	A	G
11	70542984	0.4799	-0.0011	0.0065	0.8659	0.998900604778228	0.986255332492666	1.0117080084165	A	G
11	73311373	0.8183	-0.0127	0.0092	0.1695	0.987380304684022	0.969735427348528	1.00534624041071	A	T
11	73525881	0.4364	-0.0033	0.0066	0.6127	0.996705439015438	0.983895093411574	1.00968257572903	A	G
11	83335034	0.3483	-0.0006	0.0067	0.9328	0.999400179964005	0.986361853820623	1.01261085456953	T	C
11	85589298	0.326	-0.0001	0.0069	0.9854	0.999900004999833	0.986468386653505	1.01351450642061	A	T
11	88726033	0.5132	-0.0092	0.0074	0.2096	0.990842190516615	0.976574733101342	1.00531809111007	T	C
11	112842749	0.8357	-0.021	0.0091	0.02044	0.97921896456946	0.961908449196997	0.996841000173094	T	G
11	113304457	0.5873	-0.0104	0.0068	0.1231	0.989653893009096	0.976551295588999	1.00293229077878	A	G
11	113344912	0.6542	0.0095	0.0068	0.163	1.00954526823586	0.996179317451954	1.02309055283771	T	C
11	113445451	0.0204	0.0061	0.0247	0.8064	1.00611864288793	0.958570659866203	1.05602514863947	T	C
11	126702154	0.5582	0.0003	0.0066	0.9632	1.0003000450045	0.98744349904572	1.01332398360311	T	C
11	127028030	0.9095	0.0042	0.0116	0.7189	1.00420883236098	0.981634735105221	1.02730205332812	C	G
11	131197431	0.1989	0.0025	0.0084	0.7626	1.0025031276058	0.986133044413454	1.01914495873848	A	T
11	131641026	0.4984	0.0077	0.0078	0.3206	1.00772972123553	0.99244071619327	1.02325426042242	A	C
11	133370326	0.1974	0.001	0.0083	0.9059	1.00100050016671	0.984847964977429	1.01741795380261	T	G
11	133745999	0.4543	0.0045	0.0067	0.4989	1.0045101402046	0.991405148745831	1.01778836134788	A	G
11	133834104	0.5704	0.0097	0.0071	0.1729	1.00974719748176	0.995792874851495	1.02389706591776	T	C
11	134326336	0.2741	0.0014	0.0082	0.8635	1.00140098045749	0.985435109316188	1.01762552823706	T	C
11	134773360	0.3859	-0.0045	0.0068	0.5107	0.995510109829571	0.982329978584825	1.0088670817118	T	C
12	2314825	0.3731	0.0162	0.0066	0.01428	1.0163319314671	1.00326933264834	1.02956460574053	A	G
12	11939528	0.1679	-0.0067	0.0094	0.4727	0.993322394956684	0.975188981097114	1.01179299545861	A	G
12	16756508	0.5303	0.0078	0.007	0.2659	1.00783049924647	0.994097488672002	1.02175322519754	A	C
12	22473517	0.5191	-0.0088	0.0064	0.1715	0.991238606670767	0.978882171177432	1.00375101752314	A	G
12	22890730	0.4797	-0.0003	0.0068	0.9604	0.9997000449955	0.98646444078785	1.01311323413323	A	C
12	24169797	0.7927	0.0001	0.008	0.993	1.00010000500017	0.984540740341891	1.01590516168382	T	C
12	33440641	0.502	-0.0068	0.0065	0.2943	0.993223067683635	0.980649668417399	1.0059576767827	T	C
12	39168233	0.5775	0.0015	0.0065	0.8151	1.00150112556271	0.98882293279112	1.01434187177701	T	C
12	40378739	0.1294	0.0163	0.0097	0.09465	1.01643356974208	0.997291674149818	1.03594287255969	A	C
12	43466513	0.3192	-0.0074	0.007	0.2916	0.992627312587426	0.979101465343806	1.00634001333922	A	C
12	53780633	0.0385	0.0311	0.021	0.1376	1.03158865759451	0.989990432541197	1.07493479077977	A	G
12	54753185	0.5065	0.0136	0.0068	0.04513	1.01369290067198	1.00027203699535	1.02729383494456	T	C
12	56040943	0.5761	-0.0016	0.0065	0.8029	0.998401279317606	0.985762328087792	1.01120228085472	A	C
12	57979190	0.6932	0.0027	0.0072	0.7039	1.00270364828272	0.98865286987251	1.01695411697851	C	G
12	60791165	0.3827	-0.0029	0.0066	0.6619	0.997104200938112	0.984288730171042	1.0100865295447	A	T
12	62561299	0.1042	0.013	0.0105	0.2159	1.01308486735981	0.992448655750758	1.03415017243088	A	G
12	74538047	0.586	0.0018	0.0066	0.7896	1.00180162097244	0.98892577572387	1.01484511013821	A	G
12	77840997	0.6912	-0.0047	0.0077	0.5433	0.99531102771648	0.980402575835931	1.01044618436398	A	G
12	84585161	0.2634	-0.0018	0.0073	0.7994	0.998201619028437	0.984021040043943	1.01258655220065	A	C
12	92758273	0.496	0.0006	0.0065	0.9277	1.00060018003601	0.987933392504781	1.01342937477765	A	G
12	103535020	0.5055	-0.0011	0.0064	0.8646	0.998900604778228	0.986448657483064	1.01150973307847	A	G
12	109898732	0.5568	0.0036	0.0064	0.5742	1.003606487783	0.991095878588075	1.01627501847252	A	G
12	110297222	0.4639	-0.0015	0.0065	0.8178	0.998501124437711	0.985860909249576	1.01130340613898	A	G
12	112964847	0.1032	-0.0251	0.0109	0.02067	0.975212385913517	0.954598925512716	0.996270970165119	T	C
12	117676279	0.8087	0.0051	0.0083	0.5351	1.00511302713672	0.988894130605371	1.02159793051	A	T
12	118828801	0.8328	-0.0157	0.0089	0.07982	0.98442260254146	0.96739924406741	1.00174552165246	A	G
12	121207147	0.4614	-0.005	0.0064	0.4367	0.995012479192682	0.982608999917897	1.00757252766044	T	C
12	121907336	0.4454	0.0035	0.0067	0.6064	1.00350613215209	0.990414239134466	1.01677108171112	A	G
12	123853449	0.2103	-0.0054	0.0092	0.5573	0.994614553791391	0.976840397557474	1.01271212071821	C	G
12	131530428	0.555	-0.0036	0.0072	0.6146	0.996406472230993	0.982443935471713	1.01056744518161	T	C
13	26036921	0.2116	0.0072	0.008	0.3631	1.00722598232014	0.991555853781732	1.0231437549297	T	C
13	37518022	0.381	0.0045	0.0068	0.5134	1.0045101402046	0.991210852378342	1.01798786741766	T	C
13	42805360	0.1438	-0.0006	0.0092	0.9474	0.999400179964005	0.981540502693879	1.01758482403002	T	C
13	54034124	0.386	-0.0041	0.0069	0.5551	0.995908393524931	0.982530394342169	1.00946854571096	A	T
13	58291621	0.7557	-0.0203	0.0076	0.007919	0.979904657809293	0.965416176142117	0.994610575341133	A	G
13	60374299	0.2331	-0.0003	0.0076	0.9663	0.9997000449955	0.984918876583694	1.01470304176781	T	C
13	66596810	0.8264	-0.0098	0.0085	0.2451	0.990247863518235	0.973886998536377	1.00688358369721	T	C
13	66951829	0.4914	-0.0072	0.0067	0.2847	0.992825857903813	0.979873301361949	1.00594962915347	A	G
13	67592704	0.8876	0.0028	0.0103	0.7885	1.00280392366123	0.982762298878893	1.02325426042242	T	C
13	67803436	0.2363	-0.0002	0.008	0.9847	0.999800019998667	0.984245422419692	1.01560043584647	A	C
13	69566706	0.7546	0.007	0.0078	0.3668	1.00702455726685	0.991746250783186	1.02253823307893	A	G
13	78950611	0.37	-0.0019	0.007	0.7847	0.998101803857376	0.9845013594999	1.01189013224867	T	C
13	78981531	0.1904	-0.0171	0.0084	0.04215	0.983045375182001	0.96699302169757	0.99936420220513	T	C
13	79308251	0.3828	0.0001	0.0072	0.9858	1.00010000500017	0.986085711163329	1.01431347060222	A	G
13	79989381	0.3948	0.002	0.0068	0.7727	1.002002001334	0.988735920201644	1.01544607631185	T	C
13	80919712	0.3737	-0.0044	0.0071	0.5354	0.99560966581827	0.981850718504247	1.00956142108937	T	C
13	82744744	0.3763	0.0219	0.0071	0.001977	1.02214156520304	1.00801595711993	1.0364651193626	A	T
13	85234525	0.1962	0.0086	0.0084	0.3051	1.00863708623765	0.992166840352205	1.02538074279203	T	G
13	91979840	0.107	-0.0062	0.0105	0.556	0.993819180340158	0.973575404554542	1.01448388958007	A	C
13	92878118	0.2107	0.002	0.0082	0.8074	1.002002001334	0.986026547795579	1.01823628676324	A	C
13	94022948	0.4682	0.0035	0.0065	0.584	1.00350613215209	0.990802557621658	1.01637258555744	A	G
13	97027206	0.9345	0.0183	0.0133	0.1682	1.01846847110463	0.99226209294093	1.04536697916157	A	G
13	99109816	0.609	-0.0094	0.007	0.1838	0.990644041894035	0.977145219311233	1.00432934465145	T	G
14	33772933	0.3047	-0.0069	0.007	0.3228	0.993123750342816	0.979591138484561	1.00684330915936	A	G
14	38972370	0.421	-0.0008	0.0066	0.9068	0.999200319914684	0.986357908381099	1.01220994005743	A	C
14	39795207	0.538	-0.0038	0.0064	0.5509	0.996207210863348	0.983788838479355	1.00878234043612	T	G
14	42074726	0.4903	-0.0013	0.0065	0.8445	0.998700844633952	0.986058101149959	1.01150568704763	A	G
14	43069527	0.6208	-0.0043	0.0068	0.5299	0.995709231763066	0.982526464228452	1.00906887530683	A	G
14	47238606	0.3799	-0.0103	0.0073	0.161	0.989752863346831	0.975692308458651	1.00401604277356	T	C
14	64743301	0.5523	-0.0131	0.0065	0.04443	0.986985431542042	0.974490995695241	0.999640064792225	A	G
14	69498110	0.6522	-0.0064	0.0067	0.3427	0.993620436379149	0.980657513646128	1.00675471084654	T	C
14	73439505	0.3754	0.0018	0.0067	0.7912	1.00180162097244	0.988731965265873	1.01504403927421	A	T
14	75355203	0.4509	0.0062	0.0064	0.3333	1.00621925978298	0.993676080681612	1.01892077150906	T	C
14	82891741	0.8701	0.0069	0.0097	0.4719	1.00692385984608	0.987961055027044	1.02625063444385	T	C
14	87407495	0.9429	-0.0062	0.0152	0.6834	0.993819180340158	0.964648010636339	1.02387249268306	A	G
14	91463489	0.7498	-0.0224	0.0077	0.003418	0.977849017205975	0.963202123306986	0.992718638501112	A	C
14	98496873	0.9075	-0.0157	0.0113	0.1633	0.98442260254146	0.962859284380038	1.00646883310522	T	C
14	98659847	0.8034	-0.0037	0.0082	0.6492	0.996306836565637	0.98042218408353	1.01244884979353	A	G
14	103370163	0.2351	0.0151	0.0075	0.04491	1.01521458099792	1.00040008001067	1.03024846365444	T	C
14	104079924	0.3479	0.0037	0.008	0.6418	1.00370685344998	0.988091474493803	1.01956901123812	A	G
15	29853387	0.8854	0.0066	0.012	0.583	1.00662182799517	0.983222339275824	1.03057819591716	T	C
15	37436748	0.71	0.0043	0.0075	0.5705	1.00430925826542	0.989653893009096	1.01918164861741	A	G
15	37658915	0.4874	-0.0073	0.0065	0.2613	0.992726580281987	0.980159466143972	1.00545482366806	T	C
15	38843887	0.7469	-0.0032	0.0074	0.6673	0.996805114543033	0.982451795054635	1.01136813162817	A	G
15	40968531	0.5119	-0.0017	0.0065	0.7888	0.998301444181515	0.98566375678363	1.01110116568248	T	C
15	43644760	0.7073	-0.007	0.0074	0.3418	0.993024442933235	0.978725562559068	1.00753222556538	T	C
15	47685416	0.6681	0.0027	0.0072	0.7112	1.00270364828272	0.98865286987251	1.01695411697851	A	T
15	47956756	0.2719	0.0052	0.0073	0.476	1.00521354346516	0.990933352191516	1.01969952442422	A	G
15	56885148	0.9814	-0.0753	0.0287	0.008851	0.927465205026937	0.876733683800875	0.981132266763719	C	G
15	63904280	0.7825	-0.021	0.0078	0.007491	0.97921896456946	0.964362517080322	0.994304282455454	C	G
15	66393606	0.2063	0.0091	0.008	0.2567	1.00914153088142	0.993441600796286	1.02508957600872	T	C
15	74012409	0.606	0.0053	0.0067	0.4265	1.00531406984575	0.992198590199092	1.0186029178161	T	C
15	74171368	0.4562	0.004	0.0065	0.5398	1.00400801067734	0.991298082771433	1.01688089891797	A	G
15	78101909	0.4333	0.0001	0.0064	0.9855	1.00010000500017	0.98763310639926	1.01272427333657	A	G
15	88427589	0.7235	-0.0108	0.0076	0.1515	0.989258110613648	0.974631332502629	1.00410440007298	T	C
15	88945878	0.7825	-0.007	0.0083	0.401	0.993024442933235	0.977000612519941	1.00931108090041	C	G
15	91426560	0.5445	0.0162	0.0069	0.01823	1.0163319314671	1.00267958368393	1.03017016774649	A	G
15	91573449	0.4338	-0.0071	0.007	0.3124	0.992925145453899	0.979395239847381	1.00664196063305	T	C
15	96957969	0.8765	-0.0028	0.0106	0.7927	0.997203916343893	0.976699742667621	1.01813854077159	A	G
16	6319505	0.6689	-0.006	0.0075	0.4292	0.994017964053935	0.979512774328091	1.00873795498962	A	G
16	6639512	0.4592	-0.0046	0.0065	0.4784	0.995410563795972	0.982809472601399	1.00817321987542	A	G
16	7662811	0.3734	0.0002	0.007	0.9794	1.00020002000133	0.986570984700723	1.01401733430681	A	G
16	12342972	0.3339	0.0151	0.0092	0.09876	1.01521458099792	0.997072294114194	1.03368697691717	T	C
16	13088905	0.7263	0.0104	0.0084	0.2145	1.01045426796579	0.993954348939941	1.02722809024298	T	C
16	13802379	0.1745	0.0074	0.0085	0.3857	1.00742744766246	0.990782741768665	1.02435177715345	T	C
16	15558272	0.3836	-0.0003	0.0067	0.9593	0.9997000449955	0.986657806767492	1.01291468339795	A	G
16	17164470	0.3545	0.0056	0.007	0.4245	1.00561570931036	0.991912878149624	1.01950783893263	T	C
16	17965261	0.653	-0.0098	0.0068	0.1478	0.990247863518235	0.977137402180747	1.00353423071717	T	C
16	21630698	0.3406	-0.0004	0.0071	0.9572	0.999600079989334	0.985785986667567	1.01360775404453	T	G
16	23191250	0.3279	-0.0047	0.0071	0.5026	0.99531102771648	0.98155620746756	1.00925859808877	A	G
16	25353267	0.1507	0.0003	0.009	0.9737	1.0003000450045	0.982809472601399	1.01810188844387	T	G
16	49590802	0.0691	0.0058	0.0131	0.6568	1.00581685256587	0.980320225478324	1.03197660785985	A	G
16	49820598	0.2368	-0.0149	0.0077	0.05333	0.985210455722747	0.970453297143831	1.00019201843318	T	C
16	51212775	0.1947	0.0011	0.0093	0.9058	1.00110060522189	0.983017850296846	1.01951599502797	T	C
16	53812614	0.4785	0.0089	0.0064	0.1666	1.00893972275673	0.996362631310723	1.02167557490317	A	G
16	54128197	0.293	0.0076	0.0071	0.2865	1.00762895330189	0.993703904001396	1.02174913819281	A	C
16	56364030	0.3503	0.0062	0.0068	0.3604	1.00621925978298	0.992897343939049	1.01971991861865	C	G
16	60644621	0.351	-0.0005	0.0068	0.942	0.999500124979169	0.986267167627666	1.01291063174732	T	C
16	61037218	0.2416	0.0034	0.0073	0.6385	1.00340578655624	0.989151276506848	1.01786571620279	A	G
16	62779700	0.4373	-0.0056	0.0066	0.3997	0.994415650771598	0.981634735105221	1.00736297436898	T	C
16	65841162	0.3745	0.0022	0.0067	0.7443	1.00220242177564	0.989127537161085	1.01545013810427	T	C
16	69588572	0.5726	0.0142	0.0065	0.0279	1.0143012989136	1.00146106631888	1.02730616254455	T	C
16	72225733	0.5087	-0.0022	0.0064	0.7299	0.997802418226309	0.985364160542504	1.01039768411115	A	G
16	72985338	0.7355	0.0175	0.0074	0.0174	1.01765402215076	1.00300049249338	1.0325216353834	T	C
16	77029097	0.1583	-0.0161	0.0088	0.06937	0.984028912243752	0.967201914749894	1.00114865920423	A	T
16	77195686	0.6773	-0.0163	0.007	0.01907	0.98383212614057	0.970426124831925	0.997423325339593	T	C
16	82876533	0.3499	-0.0002	0.0068	0.9712	0.999800019998667	0.986563092164416	1.01321455052238	T	C
16	87883089	0.2865	-0.0099	0.0074	0.1845	0.990148843682957	0.975891369993163	1.00461461469176	T	C
17	2314024	0.7046	-0.0002	0.0078	0.9822	0.999800019998667	0.984631322256707	1.01520239849604	A	G
17	8068045	0.3265	-0.009	0.0071	0.203	0.991040378772884	0.977344577269793	1.00492810335323	C	G
17	11211438	0.3832	-0.0091	0.0067	0.174	0.990941279690043	0.978013309641044	1.00404013944774	T	G
17	27368639	0.0844	-0.0074	0.0117	0.5294	0.992627312587426	0.970123399108646	1.01565324844225	A	G
17	31570600	0.7509	-0.0051	0.0081	0.5271	0.99491298291966	0.979242466106627	1.01083427020649	T	C
17	38218804	0.6761	0.0028	0.0074	0.7104	1.00280392366123	0.988364225378654	1.01745458150824	A	G
17	44068492	0.7693	0.0085	0.0097	0.3841	1.00853622757204	0.989543057979956	1.02789394976064	A	G
17	45558090	0.4854	0.0036	0.0074	0.624	1.003606487783	0.989155233119867	1.01826887084575	T	C
17	46643389	0.4344	0.0195	0.0065	0.002509	1.01969136686066	1.00678290037309	1.03276533924527	A	G
17	57211213	0.3353	-0.0068	0.0069	0.3261	0.993223067683635	0.979881140379716	1.00674665684107	A	G
17	63380264	0.9388	0.0315	0.014	0.02426	1.03200137559565	1.00406825296523	1.06071159613507	T	C
17	65845918	0.7912	-0.011	0.008	0.1668	0.989060278775369	0.973672766963036	1.00469096830388	A	G
17	73818872	0.1851	0.0063	0.0088	0.4703	1.00631988674022	0.989111711247098	1.02382744328448	A	G
17	77810623	0.1664	0.0069	0.0096	0.4732	1.00692385984608	0.988154714371826	1.02604950903044	T	C
17	79992815	0.8462	-0.0082	0.0113	0.465	0.991833528293409	0.970107877258435	1.01404572718966	A	G
18	4587928	0.3182	-0.0015	0.0072	0.8317	0.998501124437711	0.98450923554228	1.01269186667834	T	C
18	21131929	0.509	0.0138	0.0064	0.0309	1.01389565952732	1.00125678909833	1.02669407049322	T	C
18	25362907	0.3308	-0.0054	0.0078	0.4859	0.994614553791391	0.979524528551908	1.00993704780025	C	G
18	26481458	0.5231	0.0061	0.0065	0.3436	1.00611864288793	0.993381996088397	1.01901859259846	A	G
18	30621913	0.0796	-0.0014	0.012	0.9082	0.998600979542827	0.97538793994237	1.02236646108502	T	G
18	31399468	0.5228	0.0023	0.0064	0.719	1.002302647029	0.98980829105914	1.01495471932889	A	G
18	35138245	0.3166	-0.0011	0.0072	0.8814	0.998900604778228	0.984903118007738	1.01309702445116	A	G
18	36844401	0.911	0.0213	0.0118	0.07023	1.02152846421261	0.998173669774396	1.04542970306202	A	T
18	39294665	0.8849	0.0138	0.0102	0.1767	1.01389565952732	0.993827130925404	1.0343694355085	A	G
18	42260348	0.257	-0.0125	0.0075	0.09335	0.987577800493881	0.973166588741959	1.00220242177564	T	C
18	50754996	0.4569	0.0025	0.0065	0.6955	1.0025031276058	0.989812250300223	1.01535672098882	A	G
18	52471537	0.7769	-0.0044	0.0079	0.5797	0.99560966581827	0.980312382947891	1.01114565511253	A	G
18	52754086	0.2321	0.0038	0.0078	0.63	1.00380722915403	0.988577735109557	1.01927134054887	A	G
18	53099012	0.7155	0.0076	0.0074	0.3024	1.00762895330189	0.99311977785576	1.02235010335251	C	G
18	60243876	0.2834	-0.0171	0.0072	0.01756	0.983045375182001	0.969270066039049	0.997016459629104	A	G
18	63494190	0.2869	-0.0023	0.0073	0.7492	0.997702642973332	0.983529152506053	1.01208038547678	A	T
18	74661760	0.5812	0.0056	0.0066	0.3949	1.00561570931036	0.992690842768376	1.01870885802835	A	G
18	77574374	0.2013	-0.0001	0.0087	0.988	0.999900004999833	0.982994258151546	1.0170965005215	T	C
19	4044579	0.1628	-0.0425	0.0108	8.268e-05	0.958390465520947	0.938316468891627	0.978893917833966	A	G
19	18597196	0.1346	-0.0017	0.01	0.8648	0.998301444181515	0.978925242940536	1.0180611651828	A	G
19	31891006	0.5982	-0.0093	0.0066	0.1622	0.99074311125161	0.978009397595629	1.00364261826691	A	G
19	47758145	0.4326	-0.0153	0.0069	0.02735	0.984816450346786	0.971587448810532	0.998225576154778	A	G
19	51781455	0.0661	-0.0143	0.0151	0.3452	0.985801759369535	0.95705348586001	1.01541358255731	A	G
20	31074372	0.3595	-0.0028	0.0068	0.6827	0.997203916343893	0.984001359819945	1.01058361439008	A	G
20	36288210	0.383	-0.0056	0.0068	0.4087	0.994415650771598	0.981250009700165	1.00775793806276	T	C
20	39832628	0.7815	0.0129	0.008	0.1043	1.01298356393833	0.997223860621662	1.02899232692799	T	C
20	42015801	0.8292	-0.0049	0.0089	0.5815	0.99511198541583	0.977903778284234	1.01262300597269	A	T
20	44688665	0.2684	0.0183	0.0073	0.01195	1.01846847110463	1.00399997864538	1.0331454668293	A	G
20	44912642	0.5467	-0.0095	0.0066	0.1497	0.9905449824429	0.977813815274994	1.00344190981477	A	G
20	45840459	0.63	-0.0161	0.0071	0.02304	0.984028912243752	0.970430006544188	0.99781838319272	A	C
20	47621372	0.5711	0.0095	0.0065	0.1418	1.00954526823586	0.996765243135885	1.02248915242169	A	G
20	48090779	0.1772	-0.0024	0.0086	0.7834	0.997602877697382	0.980928212474614	1.01456099328558	A	G
20	51205902	0.818	0.0105	0.0084	0.2112	1.01055531844503	0.994053749344773	1.02733081818832	A	T
20	59008217	0.7918	0.0074	0.0081	0.3568	1.00742744766246	0.99155982001308	1.02354900008989	C	G
20	59770941	0.411	-0.0092	0.0067	0.1727	0.990842190516615	0.977915513199983	1.00393974045383	A	G
20	62846274	0.2246	-0.002	0.0087	0.8223	0.998001998667333	0.981128342242501	1.01516585186754	T	C
21	38817699	0.2445	-0.0053	0.0084	0.5237	0.994714020220009	0.978471126990859	1.01122655000069	T	C
21	46488169	0.6194	-0.0073	0.0072	0.3097	0.992726580281987	0.978815609452917	1.00683525444511	A	C
22	23412017	0.3591	-0.0109	0.0073	0.1379	0.989159189748713	0.975107068663072	1.00341381383464	A	G
22	31213097	0.2041	0.0081	0.0079	0.3079	1.00813289375315	0.992643194751484	1.02386430173588	T	C
22	37004171	0.7429	0.0038	0.0085	0.6595	1.00380722915403	0.987222336473066	1.02067074059702	T	C
22	41408754	0.7239	-0.0002	0.0072	0.9798	0.999800019998667	0.9857899298194	1.01400922220058	T	C
22	46459132	0.3447	-0.0036	0.0071	0.6083	0.996406472230993	0.982636513355081	1.01036939337206	T	G
22	48873919	0.4694	0.0098	0.0066	0.1367	1.00984817725041	0.996868912111864	1.02299643283643	T	C
22	49610444	0.4492	-0.0043	0.0066	0.5124	0.995709231763066	0.982911690101767	1.00867339782636	A	G
22	50180497	0.8079	0.0057	0.0083	0.4947	1.00571627590953	0.989487645120284	1.02221107319272	A	C
22	50624909	0.3809	0.0096	0.007	0.1682	1.00964622781057	0.995888475556241	1.02359403723671	C	G
