chromosome	base_pair_location	effect_allele_frequency	beta	standard_error	p_value	odds_ratio	ci_lower	ci_upper	effect_allele	other_allele
1	170628255	0.5427	-0.0846	0.0161	1.464e-07	0.918879762805999	0.890336319997377	0.948338284679767	A	G
4	111696651	0.7857	-0.2727	0.0187	3.235e-48	0.761321149717824	0.733922383873845	0.789742765370267	A	T
4	155543369	0.4719	-0.0903	0.0161	2.116e-08	0.913657047038438	0.88527583904535	0.942948132983256	T	C
4	187213883	0.4011	0.0931	0.0163	1.198e-08	1.0975714869291	1.06306048710138	1.13320284549798	A	C
8	6749669	0.9016	-0.1155	0.0271	1.97e-05	0.890920572237078	0.844833257076858	0.939522041049378	A	G
16	73053022	0.1735	0.1369	0.0205	2.413e-11	1.1467134714395	1.10155189590529	1.19372658743431	A	T
5	114381312	0.4986	0.0594	0.0159	0.0001774	1.06119963570979	1.02863841444396	1.09479157206017	T	C
10	112576695	0.1435	0.0897	0.025	0.0003278	1.09384608065302	1.04153959679247	1.14877941447902	T	C
12	124810329	0.1149	0.0988	0.0247	6.347e-05	1.10384550837882	1.05167906870293	1.15859956010239	A	G
17	7411447	0.5987	-0.0577	0.016	0.0003219	0.943933084889524	0.914790684486727	0.974003871988468	T	C
