chromosome	base_pair_location	effect_allele_frequency	beta	standard_error	p_value	odds_ratio	ci_lower	ci_upper	effect_allele	other_allele
1	8482078	0.5775	0.019	0.0072	0.008381	1.01918164861741	1.00489996576027	1.03366630338437	T	C
1	16126676	0.3217	-0.0055	0.0078	0.4848	0.994515097308919	0.979426580996512	1.00983605914499	A	G
1	18123443	0.8433	0.0018	0.0097	0.855	1.00180162097244	0.982935280265411	1.02103007993773	T	G
1	32207581	0.8099	-0.0033	0.0095	0.7266	0.996705439015438	0.978318497400466	1.01543795277573	T	G
1	35765084	0.9587	0.0014	0.0215	0.9469	1.00140098045749	0.960078717966622	1.04450177354738	A	G
1	37167333	0.3076	0.0057	0.0076	0.4584	1.00571627590953	0.990846153893304	1.02080956125733	T	G
1	37672580	0.7077	-0.0119	0.0077	0.1231	0.98817052497374	0.973369028445417	1.0031970998568	A	C
1	38431554	0.7312	0.0021	0.0079	0.7872	1.00210220654431	0.986705167478864	1.01773950867901	T	C
1	41104664	0.4699	-0.0035	0.007	0.6214	0.996506117860415	0.982927416814622	1.01027240256593	A	G
1	50316592	0.217	0.0051	0.0085	0.5453	1.00511302713672	0.988506560074961	1.02199847540043	T	C
1	50456837	0.1164	-0.0026	0.011	0.8152	0.99740337707257	0.976129516540139	1.0191408821668	T	C
1	52339759	0.4751	-0.0019	0.007	0.7829	0.998101803857376	0.9845013594999	1.01189013224867	T	C
1	61738270	0.4659	0.0053	0.0074	0.4754	1.00531406984575	0.99083822715578	1.02000140015886	T	C
1	66461401	0.538	0.0146	0.007	0.03766	1.01470710058809	1.0008803873136	1.02872482369992	A	G
1	67500894	0.244	-0.0136	0.0085	0.1101	0.98649206217889	0.970193250508002	1.00306468657909	T	C
1	72747844	0.5026	-0.0003	0.0073	0.9723	0.9997000449955	0.985498179181398	1.01410657175862	T	C
1	72891435	0.1821	0.0009	0.0091	0.918	1.00090040512153	0.983206607844248	1.01891262017549	A	G
1	73661616	0.5032	-0.001	0.007	0.8918	0.999000499833375	0.985387809566144	1.01280124330617	T	C
1	80831434	0.2698	0.0169	0.0081	0.03758	1.01704361287857	1.001024524467	1.0333190498483	A	G
1	84119728	0.4404	0.0032	0.0071	0.6556	1.00320512546571	0.98934121178514	1.01726331802625	T	C
1	87370742	0.8572	-0.0232	0.01	0.02039	0.977067050820469	0.958102991504549	0.996406472230993	A	G
1	87950184	0.609	-0.0087	0.0075	0.2499	0.991337735487793	0.976871656950343	1.00601803605406	A	G
1	88846367	0.648	0.0085	0.0075	0.2614	1.00853622757204	0.993819180340158	1.02347121332182	A	T
1	96835923	0.7249	0.0105	0.008	0.1913	1.01055531844503	0.994833393064663	1.02652570647189	C	G
1	118013322	0.6705	0.0017	0.0076	0.8206	1.00170144581918	0.986890685488497	1.01673447861104	A	G
1	154207635	0.1044	-0.0092	0.0136	0.4974	0.990842190516615	0.964779211687255	1.01760924635886	T	G
1	154555733	0.7305	0.0069	0.0083	0.4042	1.00692385984608	0.990675743010591	1.02343846276701	A	T
1	168904381	0.089	0.0066	0.0127	0.6007	1.00662182799517	0.981874283204266	1.03199311961767	C	G
1	173868955	0.2019	-0.0023	0.0088	0.7981	0.997702642973332	0.980641823251433	1.01506028010877	T	C
1	176318604	0.439	-0.0092	0.0073	0.208	0.990842190516615	0.976766160508303	1.0051210680731	T	C
1	177394187	0.8464	0.0146	0.0098	0.1356	1.01470710058809	0.995402600543315	1.03438598555187	A	G
1	181591756	0.0623	0.0239	0.015	0.1105	1.02418789398011	0.994515097308919	1.05474602146697	T	C
1	190048077	0.6593	-0.007	0.0073	0.3378	0.993024442933235	0.978917411569918	1.00733476860058	T	C
1	191349614	0.4724	-0.0041	0.0071	0.5643	0.995908393524931	0.982145317907499	1.00986433495051	T	C
1	196620917	0.252	0.0028	0.0106	0.7912	1.00280392366123	0.982184604505942	1.02385611085423	T	C
1	197446702	0.412	0.0078	0.0072	0.2761	1.00783049924647	0.993707878824962	1.02215383097542	T	G
1	198447754	0.9437	-0.0233	0.0155	0.1331	0.97696934900056	0.947735333289577	1.00710512245399	T	C
1	201763184	0.3284	-0.0118	0.0075	0.1166	0.988269346967255	0.973848043835535	1.00290420906778	T	C
1	214124818	0.436	-0.0045	0.007	0.5163	0.995510109829571	0.981944980697736	1.00926263513123	T	C
1	214423797	0.2815	0.0046	0.0081	0.5751	1.00461059624134	0.988787335806289	1.02068707145952	A	T
1	216292566	0.4942	0.0005	0.0071	0.9494	1.00050012502084	0.986673593418693	1.01452041165749	T	G
1	217064958	0.665	0.0039	0.0081	0.6301	1.00390761489615	0.988095426867606	1.01997284051949	A	G
1	227004367	0.5323	-0.0086	0.0069	0.2145	0.991436874218195	0.978118940782464	1.00493614281022	A	G
1	241806189	0.6559	0.0186	0.0083	0.02522	1.01877405748162	1.00233472122689	1.03548301601998	T	C
1	244340598	0.8179	-0.0081	0.0094	0.3868	0.991932716605571	0.973824671762949	1.01037747635954	T	C
1	246194044	0.7684	-0.0013	0.0084	0.8804	0.998700844633952	0.982392849715309	1.0152795568103	C	G
2	5891511	0.7723	0.0082	0.0085	0.3396	1.00823371208336	0.991575685097121	1.02517158645517	A	G
2	10182496	0.1857	0.0118	0.01	0.2387	1.0118698946484	0.992230341061989	1.03189818061792	A	G
2	15410107	0.5516	0.0069	0.007	0.3197	1.00692385984608	0.993203203420924	1.0208340609808	A	G
2	22171546	0.5138	0.0003	0.0074	0.9721	1.0003000450045	0.985896400881155	1.01491412195207	A	G
2	22558876	0.3928	0.0033	0.0071	0.6434	1.00330545099444	0.989440150853189	1.01736504944454	A	G
2	22888130	0.3756	0.0075	0.0074	0.3125	1.00752819544453	0.993020470843408	1.02224787345375	A	G
2	24133027	0.8558	-0.0043	0.0114	0.7026	0.995709231763066	0.973707819813595	1.01820777654635	T	C
2	28042059	0.2209	0.0022	0.0086	0.802	1.00220242177564	0.985450876404073	1.01923872438784	T	C
2	34356201	0.3377	0.0122	0.0079	0.1222	1.01227472356665	0.996721386430041	1.02807076272548	A	G
2	44207974	0.3552	-0.0049	0.0076	0.5202	0.99511198541583	0.980398654233471	1.01004612689158	C	G
2	50392938	0.9353	-0.0084	0.0147	0.5658	0.991635181423098	0.963471857662559	1.02062174957727	A	G
2	50970292	0.7959	-0.011	0.0087	0.2068	0.989060278775369	0.972337803920819	1.0060703503521	T	G
2	50976459	0.1245	0.0054	0.0108	0.6159	1.00541460627947	0.984355664080421	1.02692407572464	T	G
2	57987593	0.547	-0.0074	0.007	0.2884	0.992627312587426	0.979101465343806	1.00634001333922	T	C
2	58667149	0.1249	-0.0035	0.0105	0.7387	0.996506117860415	0.97620761002516	1.01722669720598	A	G
2	58881871	0.8621	0.0028	0.0102	0.7858	1.00280392366123	0.982954939167604	1.02305372224076	A	G
2	58969692	0.9734	-0.0317	0.0225	0.1588	0.968797177640976	0.927001588338254	1.0124771987582	A	T
2	60159532	0.3329	-0.0192	0.0077	0.01188	0.980983145992636	0.966289306961018	0.995900426289652	A	G
2	60477052	0.3627	-0.006	0.0075	0.4236	0.994017964053935	0.979512774328091	1.00873795498962	A	T
2	71563549	0.4476	0.01	0.0073	0.17	1.01005016708417	0.995701266121075	1.02460584789766	T	G
2	76776812	0.2467	-0.0096	0.0083	0.2469	0.990445932897216	0.974463710329359	1.00669028060683	T	C
2	86825143	0.1389	-0.0091	0.0103	0.3766	0.990941279690043	0.971136736807555	1.01114969970324	T	C
2	100109001	0.4333	0.0165	0.0071	0.02023	1.01663687678606	1.00258734140544	1.03088329221518	T	C
2	104489351	0.3284	0.0007	0.0072	0.9205	1.00070024505718	0.98667754012096	1.01492224129753	T	C
2	104984959	0.7818	-0.0104	0.0085	0.2199	0.989653893009096	0.973302841601861	1.0062796347498	A	G
2	113234316	0.2746	-0.0124	0.0082	0.1334	0.987676563211984	0.971929507791362	1.00367875005153	T	C
2	125052996	0.3456	0.0079	0.0075	0.2925	1.00793128733572	0.993223067683635	1.02285731478181	A	T
2	125278565	0.3259	0.0046	0.0075	0.5367	1.00461059624134	0.989950833715877	1.01948744897975	T	C
2	138394450	0.2835	0.0133	0.0079	0.08929	1.0133888384134	0.99781838319272	1.02920226277541	T	G
2	142489456	0.1358	0.0127	0.0102	0.2131	1.01278098748386	0.992734522126396	1.03323225469356	T	C
2	144074905	0.3684	-0.0035	0.0075	0.6418	0.996506117860415	0.98196461979374	1.01126295481177	A	G
2	144158287	0.4435	0.0013	0.0074	0.8554	1.00130084536629	0.986882790394593	1.01592954370028	T	C
2	145792165	0.2602	0.0016	0.0081	0.842	1.00160128068294	0.985825418895673	1.01762959874731	T	C
2	146681518	0.7642	0.0064	0.0083	0.4372	1.00642052376066	0.990180528952917	1.02292687144411	T	C
2	148993376	0.0989	0.0121	0.0119	0.313	1.01217350115549	0.988838754084615	1.0360589046591	A	G
2	153268611	0.2528	0.0081	0.008	0.3117	1.00813289375315	0.992448655750758	1.02406499880669	A	G
2	155246261	0.7052	0.0015	0.0077	0.8446	1.00150112556271	0.986499954146955	1.01673041168126	A	G
2	155945716	0.4855	0.0083	0.007	0.2358	1.0083345404959	0.994594661699237	1.02226422955058	A	G
2	157145541	0.2106	-0.0034	0.0085	0.6901	0.996605773454898	0.980139863150679	1.01334830367056	T	G
2	160354670	0.194	-0.0136	0.0089	0.1262	0.98649206217889	0.969432917089249	1.00385139764381	A	G
2	161440199	0.33	0.0119	0.0075	0.115	1.01197108669738	0.997203916343893	1.02695693782085	A	C
2	162033854	0.6926	0.007	0.0076	0.3562	1.00702455726685	0.992135091521298	1.02213747664496	T	C
2	162226838	0.2259	0.0238	0.0086	0.005471	1.02408548031148	1.00696816547063	1.04149377005841	A	G
2	164915279	0.7728	-0.0149	0.0084	0.07379	0.985210455722747	0.969122748185452	1.00156522368586	A	G
2	165045101	0.5801	0.0115	0.0071	0.1024	1.0115663792096	0.997586916179031	1.02574174034534	A	G
2	172865775	0.4312	-0.0004	0.007	0.957	0.999600079989334	0.985979219657169	1.01340910639284	A	G
2	173797297	0.6807	0.0118	0.008	0.1424	1.0118698946484	0.996127517474257	1.02786105768053	A	G
2	175239185	0.4319	0.0016	0.0071	0.8202	1.00160128068294	0.987759531527915	1.01563699812028	A	C
2	176727834	0.523	0.0019	0.0071	0.7934	1.00190180614371	0.988055903840997	1.01594173492795	T	C
2	185785791	0.5916	-0.004	0.007	0.5736	0.996007989343991	0.982436075951667	1.00976739262766	A	G
2	191741948	0.2404	-0.0082	0.0082	0.3151	0.991833528293409	0.976020196156342	1.00790306565478	A	G
2	198413692	0.6498	-0.0137	0.0075	0.0683	0.986393417904968	0.971999489235225	1.00100050016671	C	G
2	208076936	0.6722	0.0061	0.0077	0.4258	1.00611864288793	0.991048307127627	1.02141814509581	A	G
2	208533370	0.2351	0.0001	0.0086	0.9875	1.00010000500017	0.983383600962562	1.01710056891564	A	G
2	210065783	0.4804	0.013	0.007	0.06213	1.01308486735981	0.999280259137803	1.02708018004777	A	G
2	212031837	0.486	0.0014	0.007	0.8399	1.00140098045749	0.987755580497691	1.01523488549258	A	G
2	212693775	0.8261	-0.0033	0.0099	0.7422	0.996705439015438	0.977551796284613	1.01623436828479	T	C
2	212710934	0.694	0.0023	0.0081	0.7731	1.002302647029	0.986515738272494	1.01834218884387	A	G
2	215406362	0.2795	0.0052	0.0078	0.5027	1.00521354346516	0.989962713197159	1.02069931977787	T	C
2	222875933	0.5118	0.0002	0.0074	0.9775	1.00020002000133	0.985797816170384	1.01481263561428	A	G
2	226360417	0.2959	0.0018	0.0077	0.8178	1.00180162097244	0.986795948530137	1.01703547656221	A	G
2	233696701	0.6404	-0.0203	0.0075	0.006469	0.979904657809293	0.965605416257566	0.994415650771598	A	C
2	241713646	0.6601	-0.0104	0.0077	0.1768	0.989653893009096	0.974830177575967	1.00470302466784	A	G
3	2322703	0.3703	-0.015	0.0073	0.03961	0.985111939603063	0.971117314267045	0.999308239376781	T	C
3	5767413	0.1842	0.0039	0.0093	0.6769	1.00390761489615	0.985774157306704	1.02237464004943	T	C
3	8278215	0.5397	0.0059	0.0074	0.4279	1.00591743928038	0.99143290847863	1.02061358463593	T	C
3	12259813	0.7262	-0.0135	0.008	0.09059	0.986590716317733	0.971241625239003	1.00218237792765	A	G
3	16862555	0.3788	-0.0006	0.0072	0.936	0.999400179964005	0.985395692700153	1.01360369962162	C	G
3	18705035	0.7101	0.02	0.0079	0.01145	1.02020134002676	1.00452621249542	1.03612107005832	A	G
3	43537085	0.8816	-0.0164	0.0109	0.1338	0.983733747846952	0.962940167956989	1.00497634105989	T	C
3	44464619	0.3344	0.0045	0.0076	0.5504	1.0045101402046	0.989657851632585	1.0195853244728	T	C
3	49213637	0.7872	-0.0012	0.0095	0.8958	0.998800719712086	0.980375124948122	1.0175726130854	T	C
3	52540773	0.5327	-0.0057	0.0072	0.4302	0.994316214178433	0.980382967980494	1.00844748028895	T	C
3	54424687	0.2473	0.0003	0.008	0.9671	1.0003000450045	0.984737668182087	1.01610836303561	T	G
3	61162427	0.4139	0.0069	0.0071	0.3323	1.00692385984608	0.993008554669255	1.02103416406621	T	C
3	61850364	0.643	-0.0041	0.0073	0.5714	0.995908393524931	0.981760392393209	1.01026027936984	T	C
3	65711935	0.0701	-0.0125	0.0144	0.3876	0.987577800493881	0.960094079349	1.01584827258767	T	C
3	70330440	0.7313	0.0073	0.008	0.3627	1.00732670995467	0.991655014325055	1.02324607442108	A	C
3	71321319	0.1291	-0.0181	0.0106	0.08702	0.982062821165706	0.961869973628546	1.00267958368393	A	G
3	71536083	0.3152	-0.0179	0.0077	0.02102	0.982259253372505	0.96754629992847	0.997195938744473	C	G
3	71814431	0.873	-0.0232	0.0107	0.02982	0.977067050820469	0.956789375546813	0.997774480149734	T	C
3	76211681	0.5219	0.0133	0.007	0.05893	1.0133888384134	0.999580088187653	1.02738835032502	A	C
3	77246944	0.7577	0.0004	0.0083	0.9639	1.00040008001067	0.984257233435627	1.01680768612894	T	G
3	78592839	0.4495	-0.0078	0.0071	0.2699	0.992230341061989	0.978518094732172	1.006134740915	A	G
3	107545170	0.5146	-0.0029	0.007	0.6771	0.997104200938112	0.983517350227037	1.01087874789288	A	G
3	107994684	0.1184	0.0282	0.0116	0.01501	1.02860138412759	1.0054789548734	1.05225554677315	A	G
3	110136153	0.3654	-0.0062	0.0073	0.3986	0.993819180340158	0.979700858836297	1.00814095884856	T	C
3	114599972	0.7479	-0.0103	0.0085	0.2249	0.989752863346831	0.973400176752697	1.00638026774484	T	C
3	116018631	0.8837	-0.0114	0.0109	0.2985	0.988664733778132	0.967766925635229	1.01001380593266	T	C
3	117623116	0.8123	-0.0052	0.0092	0.5686	0.994813496595767	0.977035785175096	1.01291468339795	T	C
3	117834868	0.7423	-0.0015	0.008	0.853	0.998501124437711	0.982966734697648	1.01428101309048	A	G
3	132663169	0.5371	0.0045	0.0071	0.5188	1.0045101402046	0.990628191716166	1.0185866202998	A	G
3	142800392	0.7519	-0.014	0.0081	0.08474	0.986097544262862	0.970565876255762	1.00187776078891	A	G
3	144249167	0.446	0.0076	0.0076	0.3182	1.00762895330189	0.99273055119625	1.02275094315249	T	C
3	152151665	0.0998	0.0141	0.0123	0.252	1.01419987385505	0.99004191338218	1.03894731144633	T	G
3	157406565	0.1451	0.0048	0.0109	0.6586	1.00481153845414	0.983572428740834	1.02650928219198	T	C
3	157899163	0.5777	-0.0135	0.0071	0.05816	0.986590716317733	0.972956407459186	1.00041608654	A	G
3	161722384	0.2486	-0.0054	0.0083	0.5149	0.994614553791391	0.97856506472799	1.01092727123733	A	C
3	165478486	0.266	-0.0083	0.008	0.2974	0.991734349899582	0.976305235667363	1.00740729931499	A	C
3	167191652	0.4057	0.0044	0.0072	0.543	1.00440969421296	0.990335009164577	1.01868440930914	T	C
3	173119768	0.4549	-0.0085	0.0072	0.2342	0.991536022862967	0.977641735186997	1.00562777677127	A	G
3	175948250	0.6593	-0.0026	0.0074	0.7265	0.99740337707257	0.983041443008364	1.01197513458983	A	G
3	178280719	0.466	-0.0109	0.007	0.1169	0.989159189748713	0.9756806002212	1.00282397994026	T	C
3	184924892	0.3433	0.0134	0.0075	0.07544	1.01349018236435	0.998700844633952	1.02849852913202	C	G
3	185822774	0.1653	-0.011	0.0097	0.2547	0.989060278775369	0.970433888271977	1.00804418196188	A	G
3	190558711	0.3862	-0.0059	0.0075	0.4293	0.994117370820596	0.979610730503251	1.00883883382898	A	T
3	193413502	0.5199	-0.0098	0.007	0.1639	0.990247863518235	0.976754439384704	1.00392769324923	T	C
4	3186244	0.4784	0.0042	0.0074	0.5733	1.00420883236098	0.989748904343296	1.01888001549332	A	G
4	16832297	0.7567	0.0118	0.0083	0.1542	1.0118698946484	0.995541966662792	1.02846561770567	A	G
4	17259101	0.665	0.009	0.0076	0.2348	1.00904062177387	0.994121347298032	1.02418379723673	A	G
4	21866646	0.4078	-0.01	0.0073	0.1705	0.990049833749168	0.975985060061734	1.00431729277163	T	C
4	28296275	0.6759	0.0068	0.0091	0.4528	1.00682317249454	0.989024673246236	1.02494197373739	A	G
4	39978704	0.7517	-0.0021	0.0084	0.7996	0.99790220345731	0.981607249717435	1.01446765796769	C	G
4	42086277	0.8266	-0.0188	0.0092	0.03995	0.98137561774015	0.963838046539951	0.999232294836517	A	C
4	47276305	0.6156	0.0145	0.0075	0.05119	1.0146056349514	0.999800019998667	1.02963049998389	T	G
4	56455791	0.3661	-0.003	0.0072	0.6763	0.997004495503373	0.983033578708278	1.01117396758724	A	T
4	62080215	0.8075	-0.0318	0.0089	0.0003782	0.968700302767036	0.951948825845081	0.985746556016719	A	G
4	67107517	0.2821	-0.0107	0.0084	0.2	0.989357041371165	0.973201623369773	1.00578064381094	A	T
4	80217741	0.487	-0.0038	0.0071	0.5952	0.996207210863348	0.98244000570383	1.01016733969943	T	C
4	90917853	0.3736	0.0008	0.0074	0.9127	1.00080032008535	0.986389472339188	1.01542170589846	A	T
4	97634673	0.3897	0.0005	0.0074	0.9443	1.00050012502084	0.986093599880574	1.0151171250761	A	G
4	101508622	0.4742	0.0172	0.0071	0.01523	1.01734877173397	1.00328939823565	1.03160516314508	T	C
4	102319286	0.514	-0.0107	0.0073	0.1412	0.989357041371165	0.975302109580246	1.00361451666702	A	G
4	113427134	0.5147	0.0076	0.007	0.2711	1.00762895330189	0.993898689054892	1.0215488949862	A	G
4	115522306	0.1631	0.0247	0.0097	0.01074	1.02500757212284	1.00570420738663	1.04468144330358	A	G
4	119000833	0.0844	0.0107	0.0125	0.3919	1.01075744972117	0.98629478349498	1.03582685345516	T	G
4	123388893	0.9484	0.0033	0.0159	0.8347	1.00330545099444	0.972520620612187	1.03506476537383	C	G
4	138600529	0.1886	-0.016	0.0091	0.07798	0.984127320055285	0.966730035363431	1.00183768647997	A	G
4	140910848	0.4699	0.0143	0.007	0.04189	1.01440273411517	1.00058016823252	1.02841625254079	T	C
4	143500223	0.289	0.0188	0.0079	0.01773	1.01897783266996	1.00332150401008	1.03487847048311	A	G
4	164215095	0.2836	0.0161	0.0079	0.04119	1.01623030335545	1.00061618976696	1.0320880673522	T	C
4	164483890	0.4332	-0.0095	0.0072	0.1825	0.9905449824429	0.976664582109779	1.00462265164083	T	C
4	176731401	0.0603	-0.003	0.0151	0.8452	0.997004495503373	0.967929524136627	1.02695283000132	A	G
4	183719751	0.1602	-0.0118	0.0106	0.2659	0.988269346967255	0.967948882920697	1.00901640508955	C	G
5	3416705	0.2992	0.0061	0.0076	0.4216	1.00611864288793	0.991242571633124	1.02121796675749	T	C
5	7418682	0.2292	0.0038	0.0086	0.6602	1.00380722915403	0.987028859856446	1.0208708116685	T	C
5	20143940	0.5334	-0.0196	0.0075	0.0086	0.980590831202428	0.966281576677484	0.99511198541583	A	G
5	24192081	0.5711	0.0	0.0079	0.9974	1.0	0.984635260789873	1.01560449825634	A	G
5	27070974	0.3706	-0.0026	0.0076	0.7297	0.99740337707257	0.982656166281877	1.01237190660482	A	G
5	29264189	0.6787	-0.0063	0.0075	0.4004	0.993719803391055	0.97921896456946	1.0084353789918	T	C
5	30148789	0.5248	0.0014	0.0075	0.8536	1.00140098045749	0.986788054194126	1.01623030335545	T	C
5	30842054	0.4765	0.0069	0.007	0.3195	1.00692385984608	0.993203203420924	1.0208340609808	T	G
5	31062973	0.668	0.0002	0.0077	0.9806	1.00020002000133	0.985218337437919	1.0154095209111	A	T
5	45266078	0.9714	-0.0132	0.026	0.6115	0.98688673793365	0.937854930736628	1.03848196729567	T	C
5	51693979	0.0366	0.0145	0.0208	0.4859	1.0146056349514	0.97407400279193	1.0568238055061	A	G
5	53318932	0.933	-0.0114	0.0141	0.4205	0.988664733778132	0.961716086744044	1.01636852007523	C	G
5	61514611	0.4884	-0.0006	0.007	0.9349	0.999400179964005	0.985782043531507	1.0132064448384	T	C
5	77044431	0.8499	0.0017	0.01	0.8689	1.00170144581918	0.982259253372505	1.02152846421261	A	G
5	77657957	0.7802	-0.0076	0.0084	0.3654	0.992428806976131	0.976223229471875	1.00890340158049	T	G
5	88036486	0.5737	0.0025	0.0082	0.7607	1.0025031276058	0.986519684343339	1.01874553220737	T	C
5	92519387	0.4385	-0.0107	0.0074	0.1444	0.989357041371165	0.975110969099148	1.00381124439098	A	G
5	93094118	0.0814	0.0054	0.0131	0.6801	1.00541460627947	0.979928175803295	1.03156389976382	T	C
5	102956594	0.4597	-0.0005	0.007	0.9419	0.999500124979169	0.985880626664935	1.01330777054908	A	G
5	103991476	0.5973	-0.0014	0.007	0.837	0.998600979542827	0.984993733262833	1.01239620382214	A	C
5	105187383	0.9073	-0.006	0.012	0.6138	0.994017964053935	0.970911459217826	1.01767437543474	T	C
5	106985611	0.1292	-0.0013	0.0113	0.9086	0.998700844633952	0.976824768236148	1.02106683768224	C	G
5	111100771	0.7228	-0.0051	0.008	0.5265	0.99491298291966	0.979434416440502	1.01063616610437	T	G
5	117412944	0.083	0.0049	0.0127	0.6999	1.00491202463221	0.980206514927508	1.0302402216997	A	G
5	120084621	0.3074	-0.0074	0.0076	0.3333	0.992627312587426	0.977950718792155	1.00752416533981	C	G
5	122321622	0.646	0.0063	0.0074	0.3999	1.00631988674022	0.99182956096723	1.02102191172976	T	C
5	124262051	0.5461	-0.0078	0.0071	0.2718	0.992230341061989	0.978518094732172	1.006134740915	T	C
5	124980248	0.6417	-0.009	0.0074	0.2236	0.991040378772884	0.976770067580759	1.00551917483599	A	G
5	137757377	0.8081	-0.0095	0.0091	0.2963	0.9905449824429	0.973034247085327	1.00837084119277	A	C
5	140126139	0.5102	-0.0084	0.007	0.2275	0.991635181423098	0.978122853266052	1.00533417632821	T	G
5	143877756	0.7005	0.008	0.0078	0.3028	1.00803208550427	0.992738493072427	1.02356128275159	T	C
5	148747902	0.2014	-0.01	0.009	0.2658	0.990049833749168	0.972738489631623	1.00766925926613	C	G
5	152552519	0.395	-0.0026	0.0073	0.7256	0.99740337707257	0.983234138014688	1.0117768069002	A	C
5	153215007	0.18	0.0002	0.0091	0.9847	1.00020002000133	0.982518604048179	1.01819963091672	T	C
5	155119877	0.5341	0.0064	0.0071	0.3638	1.00642052376066	0.992512174497304	1.02052377459218	A	G
5	161010597	0.878	0.0082	0.0115	0.4778	1.00823371208336	0.985762328087792	1.0312173525167	A	G
5	164523472	0.4551	-0.0008	0.0071	0.9148	0.999200319914684	0.985391751125265	1.01320239202072	A	C
5	166877976	0.7227	0.0058	0.0082	0.4762	1.00581685256587	0.989780576814991	1.02211294563989	T	C
5	166989513	0.3523	0.0014	0.0076	0.8561	1.00140098045749	0.986594662688491	1.01642950401593	A	G
5	167166468	0.8353	-0.01	0.01	0.3164	0.990049833749168	0.970833789407923	1.00964622781057	C	G
5	170840142	0.6439	0.0013	0.0073	0.8605	1.00130084536629	0.987076238378794	1.01573044102241	A	G
5	175850820	0.2716	0.01	0.0099	0.3112	1.01005016708417	0.990640079325792	1.0298405660319	T	C
6	396321	0.1196	-0.0121	0.0168	0.4712	0.987972910630838	0.955970714278356	1.0210464165497	T	C
6	4426142	0.334	0.0084	0.0075	0.2602	1.0084353789918	0.993719803391055	1.02336887131768	T	C
6	5419000	0.5124	0.0046	0.0073	0.5317	1.00461059624134	0.990338970512536	1.01908788821878	T	G
6	17028673	0.254	-0.0033	0.0091	0.7147	0.996705439015438	0.979085799845685	1.01464216141173	T	G
6	19327938	0.09	0.0253	0.0122	0.03786	1.02562276120438	1.00138896371783	1.0504430210566	T	G
6	19780879	0.7383	-0.0113	0.008	0.1579	0.988763605194998	0.973380708943841	1.00438960621996	A	G
6	28705074	0.0873	0.0341	0.0181	0.05986	1.03468807036189	0.998624946253935	1.07205353417736	T	G
6	29659124	0.7205	-0.0201	0.0107	0.06017	0.980100658340255	0.95976002473826	1.00087238030253	A	G
6	37660117	0.6437	-0.0127	0.0076	0.09216	0.987380304684022	0.972781291066792	1.00219841297397	A	G
6	39995063	0.7278	0.0063	0.0078	0.4208	1.00631988674022	0.991052271328784	1.0218227067792	T	C
6	50807358	0.1118	-0.0038	0.0111	0.7352	0.996207210863348	0.974767790441012	1.0181181782044	T	C
6	53131343	0.938	-0.0298	0.0151	0.04801	0.970639642065423	0.94233353118251	0.999796020806585	T	G
6	65107133	0.3084	0.0041	0.0076	0.5916	1.00410841649862	0.989262067654005	1.01917757189897	A	G
6	66565353	0.6309	-0.0097	0.0074	0.1878	0.990346893255991	0.97608656778629	1.00481555770833	A	G
6	76465003	0.8214	-0.0175	0.0094	0.06365	0.982652235665073	0.964713608931379	1.00092442701951	C	G
6	92648832	0.2913	0.0074	0.0083	0.3717	1.00742744766246	0.991171204737205	1.02395030994952	T	C
6	94122191	0.5203	-0.0043	0.0071	0.5436	0.995709231763066	0.981948908485514	1.00966238227946	T	C
6	99596909	0.4092	0.0002	0.0071	0.9723	1.00020002000133	0.986377635736539	1.01421610118285	T	C
6	100109753	0.2086	0.0111	0.0088	0.2059	1.01116183357244	0.993870860281203	1.02875362839824	C	G
6	100679643	0.4384	-0.0151	0.0071	0.03227	0.985013433334498	0.971400921927514	0.998816700651449	T	G
6	100983589	0.5199	0.0086	0.0072	0.2337	1.00863708623765	0.994503163199356	1.02297188121666	T	C
6	105369510	0.4571	0.0067	0.0069	0.3322	1.00672249521124	0.993199230616056	1.02042989072364	A	G
6	117080407	0.7799	0.0032	0.009	0.7246	1.00320512546571	0.98566375678363	1.02105866918021	T	C
6	117823289	0.253	0.0047	0.008	0.5531	1.00471106232418	0.989080060178758	1.02058909020383	T	C
6	124292594	0.4113	-0.0087	0.0076	0.2549	0.991337735487793	0.976680208868106	1.00621523491399	A	G
6	142987461	0.5293	0.0093	0.007	0.1852	1.00934337937177	0.995589753824074	1.02328700508266	T	G
6	143150043	0.7259	-0.0069	0.0079	0.3769	0.993123750342816	0.977864662915416	1.00862094817337	A	G
6	147973296	0.6661	0.0041	0.0075	0.5821	1.00410841649862	0.989455982022252	1.01897783266996	T	C
6	152263360	0.3352	0.0041	0.0075	0.5909	1.00410841649862	0.989455982022252	1.01897783266996	A	G
6	157155257	0.1669	-0.0079	0.0094	0.4045	0.992131122988869	0.974019456175094	1.01057957206371	T	C
6	162969924	0.7842	0.0014	0.0088	0.87	1.00140098045749	0.984276918777148	1.01882295981003	T	G
6	163558679	0.2008	-0.0033	0.0088	0.7122	0.996705439015438	0.979661671585693	1.01404572718966	A	G
6	164709971	0.9474	0.0131	0.016	0.4128	1.01318618091214	0.981905703684054	1.04546315734778	A	G
6	164913801	0.8887	-0.0006	0.0118	0.9621	0.999400179964005	0.976551295588999	1.02278367170633	C	G
6	165081297	0.2392	0.0202	0.0083	0.01495	1.02040540070015	1.00393974045383	1.03714111497105	A	G
7	1937261	0.2023	-0.0202	0.009	0.02545	0.980002653174761	0.962866987285125	0.997443274005586	A	G
7	2760750	0.7409	-0.0025	0.0082	0.7577	0.99750312239746	0.981599396890849	1.01366451766812	A	C
7	3521803	0.2397	-0.0052	0.0082	0.5243	0.994813496595767	0.978952653231081	1.0109313149545	T	C
7	4150203	0.1243	-0.0025	0.0108	0.8166	0.99750312239746	0.976609890424562	1.01884333647299	C	G
7	6524843	0.7225	0.0082	0.0079	0.2988	1.00823371208336	0.992742464034341	1.02396669328555	C	G
7	6692096	0.0418	0.0029	0.0186	0.8762	1.00290420906778	0.967000757672688	1.04014070783833	T	C
7	8680443	0.708	-0.0019	0.008	0.8092	0.998101803857376	0.982573626630623	1.01387538181691	C	G
7	12263538	0.5973	-0.0301	0.0071	2.391e-05	0.970348493847219	0.956938646332217	0.983946257286681	T	C
7	13953869	0.7473	0.0065	0.0081	0.4224	1.00652117084531	0.990667817636348	1.02262822040283	C	G
7	14835477	0.9723	-0.0029	0.0233	0.9008	0.997104200938112	0.952592560809256	1.04369572935129	T	C
7	16813427	0.4793	0.0013	0.007	0.8537	1.00130084536629	0.987656809878254	1.01513336708004	T	C
7	21492589	0.5556	-0.0063	0.007	0.3718	0.993719803391055	0.980179069529328	1.0074475964129	A	G
7	21911656	0.2763	0.0009	0.0085	0.9138	1.00090040512153	0.984363538957233	1.0177150832239	A	G
7	24428024	0.4914	-0.002	0.007	0.7792	0.998001998667333	0.984402914286292	1.01178894829473	T	C
7	29836717	0.6542	0.0028	0.0073	0.7	1.00280392366123	0.988557963752569	1.01725517995226	T	C
7	32829130	0.6393	0.0018	0.0073	0.8054	1.00180162097244	0.98756989990308	1.01623843323039	T	G
7	48653581	0.6273	0.0183	0.0083	0.02834	1.01846847110463	1.00203406591107	1.03517241770725	T	C
7	53794695	0.1505	-0.0076	0.01	0.4499	0.992428806976131	0.973166588741959	1.01207228886608	T	C
7	63841784	0.0221	0.0159	0.0327	0.6276	1.01602707761803	0.952950802957424	1.08327840141308	A	G
7	68406045	0.5904	-0.0087	0.0076	0.2501	0.991337735487793	0.976680208868106	1.00621523491399	T	C
7	70209943	0.0765	0.0234	0.0133	0.07813	1.02367592803528	0.997335555948873	1.05071196889385	T	C
7	71369043	0.7472	-0.0037	0.0082	0.6512	0.996306836565637	0.98042218408353	1.01244884979353	T	G
7	73973096	0.1562	0.0101	0.0106	0.3437	1.0101511771513	0.989380786225095	1.03135760761377	T	C
7	75189471	0.5671	-0.0111	0.0074	0.1348	0.988961377692628	0.974721002709985	1.00340980018741	A	G
7	75794223	0.301	0.004	0.0085	0.6326	1.00400801067734	0.987419800686124	1.02087489515992	T	G
7	78120735	0.5197	0.0101	0.007	0.1462	1.0101511771513	0.996386544300829	1.02410596222591	T	C
7	82450364	0.5301	-0.001	0.0069	0.8847	0.999000499833375	0.985580964505385	1.0126027537151	A	G
7	84405422	0.4847	0.0025	0.0071	0.7206	1.0025031276058	0.98864891526894	1.016551482875	A	G
7	104581402	0.3958	-0.0008	0.0072	0.9146	0.999200319914684	0.985198633268213	1.01340099915242	A	C
7	108213926	0.6695	-0.0003	0.0086	0.9693	0.9997000449955	0.982990326182377	1.01669381004527	A	G
7	109104776	0.6223	0.0045	0.0072	0.526	1.0045101402046	0.990434047617333	1.01878628284366	A	G
7	109996728	0.228	0.007	0.0083	0.4032	1.00702455726685	0.990774815538435	1.02354081173065	T	C
7	110156436	0.4422	-0.0059	0.0071	0.4085	0.994117370820596	0.980379046456465	1.00804821414667	A	G
7	111230244	0.5314	0.0027	0.007	0.7001	1.00270364828272	0.989040497767604	1.01655554908906	T	C
7	111391927	0.9464	0.0008	0.0163	0.9601	1.00080032008535	0.969332101308383	1.03329011731996	A	G
7	114059156	0.4437	-0.0099	0.0071	0.1626	0.990148843682957	0.976465362856083	1.00402407493403	T	C
7	114672684	0.7291	-0.0135	0.008	0.09033	0.986590716317733	0.971241625239003	1.00218237792765	A	C
7	115082406	0.5193	0.0232	0.0073	0.001402	1.02347121332182	1.00893165127123	1.03822030281102	A	G
7	117628555	0.4514	0.0077	0.007	0.2744	1.00772972123553	0.993998083893456	1.02165105498361	T	C
7	121982909	0.8397	-0.0194	0.0095	0.04132	0.980786968981793	0.962693686824923	0.999220304120923	T	G
7	126396962	0.3996	0.0055	0.0071	0.4394	1.00551515276734	0.991619315387124	1.01960571638321	A	G
7	132568255	0.2522	0.018	0.008	0.02517	1.01816297638979	1.0023226932824	1.03425359261905	T	C
7	133770621	0.2716	-0.0053	0.0083	0.5283	0.994714020220009	0.978662926127451	1.01102836901926	A	G
7	135119417	0.3981	0.0072	0.0076	0.3406	1.00722598232014	0.992333538383627	1.0223419245844	A	G
7	140176596	0.7258	0.0073	0.0087	0.3987	1.00732670995467	0.990295396556467	1.0246509315468	T	C
7	140651989	0.1579	-0.0091	0.0098	0.3513	0.990941279690043	0.972088917301862	1.01015925839304	A	G
7	144633224	0.4388	0.0097	0.0071	0.1713	1.00974719748176	0.995792874851495	1.02389706591776	A	G
7	153473086	0.4708	0.0115	0.0076	0.1317	1.0115663792096	0.996609759885964	1.026747459973	A	G
7	157505749	0.319	-0.0188	0.008	0.01838	0.98137561774015	0.966107661646504	0.996884862142058	T	G
8	4508910	0.8051	0.0004	0.0091	0.9606	1.00040008001067	0.98271512742067	1.01840329120826	C	G
8	4792627	0.3368	-0.0151	0.0076	0.04724	0.985013433334498	0.970449415338406	0.999796020806585	T	C
8	13961133	0.4496	-0.0059	0.0071	0.4072	0.994117370820596	0.980379046456465	1.00804821414667	T	G
8	14218081	0.7198	-0.0018	0.0078	0.8134	0.998201619028437	0.983057171797282	1.01357937342475	T	C
8	14628926	0.3914	-0.0002	0.0074	0.9745	0.999800019998667	0.985403575897227	1.01440679173422	A	G
8	14976574	0.793	0.0001	0.0086	0.9909	1.00010000500017	0.983383600962562	1.01710056891564	C	G
8	20681098	0.8283	-0.0056	0.0095	0.5547	0.994415650771598	0.976070950526144	1.01310512925977	A	G
8	22359156	0.4514	0.0109	0.007	0.1209	1.01095962142761	0.997183972465006	1.02492557479701	A	G
8	34514573	0.7392	0.0006	0.0079	0.9378	1.00060018003601	0.985226219216146	1.01621404380067	A	T
8	38025511	0.2298	0.0161	0.0084	0.0541	1.01623030335545	0.999636066239963	1.03310000942883	A	G
8	52811758	0.6587	0.0156	0.0076	0.03891	1.01572231521139	1.00070424786616	1.03096576617747	T	C
8	60720695	0.4513	-0.0004	0.007	0.9578	0.999600079989334	0.985979219657169	1.01340910639284	A	G
8	61791482	0.6544	-0.0148	0.0074	0.04439	0.985308981694536	0.971121198744071	0.999704043803678	A	G
8	64040337	0.0258	0.0075	0.0261	0.7749	1.00752819544453	0.957283206261962	1.0604103968141	T	C
8	64717459	0.5174	0.0067	0.0072	0.3536	1.00672249521124	0.992615401131144	1.02103007993773	T	G
8	65543401	0.7074	0.0006	0.0079	0.9418	1.00060018003601	0.985226219216146	1.01621404380067	C	G
8	73889320	0.5526	0.0156	0.007	0.02678	1.01572231521139	1.00188176830797	1.02975406305752	A	C
8	77632017	0.8348	-0.0066	0.0098	0.4999	0.993421732162957	0.974522179906048	1.01268781591897	A	G
8	87677567	0.5365	-0.0134	0.007	0.05532	0.986689380322482	0.973244445183274	1.00032005120546	T	C
8	92687716	0.5383	-0.0074	0.007	0.2888	0.992627312587426	0.979101465343806	1.00634001333922	A	G
8	94583638	0.3428	-0.0027	0.0074	0.7208	0.997303641721713	0.982943143779107	1.01187394213607	A	G
8	129800770	0.312	-0.0144	0.0076	0.05894	0.985703184122443	0.971128967744737	1.00049612302834	A	G
8	132855371	0.8058	0.0001	0.0089	0.9868	1.00010000500017	0.982805541371371	1.01769879991284	T	G
8	143356114	0.0195	0.0605	0.0279	0.03018	1.06236759757033	1.00583294576426	1.12207988127669	A	G
9	2977388	0.6202	0.0127	0.0074	0.08743	1.01278098748386	0.998197626229947	1.02757740717418	A	G
9	8436261	0.0592	-0.0092	0.0152	0.5422	0.990842190516615	0.961758403182816	1.02080547802726	A	T
9	10536719	0.2242	0.0091	0.0085	0.2838	1.00914153088142	0.992468504922364	1.02609465620206	A	G
9	11274206	0.6132	0.0044	0.0074	0.5529	1.00440969421296	0.989946873920462	1.01908381187538	T	C
9	13704356	0.3296	0.0051	0.0077	0.5106	1.00511302713672	0.99005775417952	1.0203972374896	A	G
9	14066897	0.294	-0.0062	0.008	0.4371	0.993819180340158	0.978357630923028	1.0095250775324	T	C
9	14620925	0.6984	0.0155	0.0079	0.04953	1.01562074805831	1.000016000128	1.03146900025049	C	G
9	17024177	0.5165	-0.0064	0.0072	0.3764	0.993620436379149	0.979696940040699	1.00774181406474	T	G
9	22731935	0.561	-0.011	0.007	0.1158	0.989060278775369	0.975583037039418	1.00272370255622	A	G
9	23740210	0.2837	0.0037	0.0079	0.6345	1.00370685344998	0.988285159403305	1.01936919529452	A	C
9	24190705	0.9534	-0.0049	0.0178	0.7827	0.99511198541583	0.96099314810581	1.0304421685733	A	G
9	26722558	0.165	-0.0087	0.0095	0.3594	0.991337735487793	0.973049815757829	1.00996936630288	A	G
9	27878045	0.6751	-0.0061	0.008	0.441	0.993918567227454	0.978455471578071	1.00962603508795	A	C
9	28108007	0.4448	-0.0033	0.0071	0.6389	0.996705439015438	0.982931348532153	1.01067254966124	T	C
9	31246469	0.6571	0.0138	0.0076	0.06739	1.01389565952732	0.998904600388638	1.02911169696124	A	G
9	32349944	0.2	-0.017	0.0088	0.05285	0.98314368463491	0.966331824625906	1.00024803075454	T	G
9	37005561	0.4031	0.002	0.0073	0.7824	1.002002001334	0.987767433635775	1.01644170124316	A	G
9	37315476	0.3748	0.0078	0.0072	0.2773	1.00783049924647	0.993707878824962	1.02215383097542	T	C
9	81294157	0.3446	0.0142	0.0078	0.06853	1.0143012989136	0.998912591657406	1.02992707627282	T	G
9	82820997	0.1673	0.0062	0.0094	0.5064	1.00621925978298	0.987850409585142	1.0249296745075	T	C
9	91926088	0.0795	-0.0049	0.0134	0.7176	0.99511198541583	0.969316592118836	1.02159384412645	T	C
9	96225478	0.8355	-0.0104	0.0096	0.2791	0.989653893009096	0.971206661169852	1.00845151408694	A	T
9	98270171	0.6533	-0.0131	0.0073	0.07261	0.986985431542042	0.972964191141581	1.00120872992589	A	G
9	100742225	0.5488	-0.0155	0.0072	0.03179	0.984619506751733	0.97082213947235	0.998612962826481	T	C
9	102175261	0.3218	-0.0062	0.0075	0.4084	0.993819180340158	0.979316891362175	1.00853622757204	C	G
9	108904396	0.9806	-0.0359	0.0307	0.2424	0.964736762335834	0.908398609014231	1.02456896275107	C	G
9	114952087	0.784	0.0054	0.0092	0.5575	1.00541460627947	0.987447448827615	1.0237086861891	C	G
9	119731359	0.7082	-0.0023	0.0077	0.7676	0.997702642973332	0.982758367837559	1.01287416762093	T	C
9	120515918	0.3386	0.0023	0.0076	0.7605	1.002302647029	0.987482997575647	1.01734470234702	T	C
9	122673299	0.3843	-0.0047	0.0075	0.5282	0.99531102771648	0.980786968981793	1.01005016708417	T	G
9	125647367	0.1372	0.0002	0.0114	0.984	1.00020002000133	0.978099378599271	1.02280003637599	T	C
9	126584407	0.8326	0.0082	0.0094	0.3865	1.00823371208336	0.989828087422924	1.02698158508312	A	G
9	127997592	0.5571	0.0042	0.0071	0.5556	1.00420883236098	0.990331047832463	1.01828109014552	A	G
9	129656760	0.2527	-0.0146	0.0087	0.09154	0.985506063198368	0.968843681021575	1.00245500861054	A	G
9	132969084	0.4252	0.0007	0.0074	0.929	1.00070024505718	0.986290838323737	1.01532016880481	A	C
9	136930134	0.8185	0.0106	0.0095	0.2668	1.01065637902982	0.992012074397169	1.02965109279982	T	C
9	137946850	0.1356	-0.0014	0.0103	0.8912	0.998600979542827	0.97864335306466	1.01896560500933	A	G
9	140265782	0.1603	0.0239	0.0127	0.06016	1.02418789398011	0.999008491869342	1.05000192762387	T	C
10	1803525	0.5645	-0.0209	0.0072	0.003597	0.979316891362175	0.965593829062095	0.993234986431959	T	C
10	5945672	0.5262	-0.0052	0.0073	0.4789	0.994813496595767	0.980681049708887	1.00914960404596	T	G
10	7450208	0.161	0.0163	0.0103	0.1139	1.01643356974208	0.996119548485993	1.03716185800078	A	G
10	12756713	0.5768	0.0188	0.0071	0.007966	1.01897783266996	1.00489594616844	1.03325705256524	A	C
10	18549016	0.5418	0.004	0.0069	0.5647	1.00400801067734	0.990521209648596	1.01767844614038	A	G
10	22032942	0.2766	-0.0185	0.008	0.02148	0.981670074591791	0.966397537424191	0.997183972465006	A	G
10	63646409	0.3331	-0.0066	0.0074	0.3707	0.993421732162957	0.979117131092577	1.00793531906893	A	G
10	67769960	0.4715	0.0097	0.007	0.1637	1.00974719748176	0.995988069383405	1.02369640175857	A	G
10	72884713	0.2544	0.0093	0.0084	0.2681	1.00934337937177	0.992861600278057	1.0260987605889	A	G
10	76848524	0.418	0.0046	0.0071	0.5169	1.00461059624134	0.990727259488644	1.01868848405493	T	C
10	77617557	0.694	0.005	0.0078	0.5224	1.0050125208594	0.989764740452454	1.02049520032654	A	G
10	81010850	0.3536	-0.0093	0.0078	0.2353	0.99074311125161	0.97571182249996	1.00600596391007	T	G
10	92803991	0.8202	-0.0038	0.0094	0.6832	0.996207210863348	0.978021133778817	1.01473145385074	T	C
10	99090390	0.5963	-0.0028	0.0071	0.6887	0.997203916343893	0.983422937093318	1.0111780122912	A	G
10	99839373	0.8261	-0.0179	0.0092	0.05249	0.982259253372505	0.964705891253379	1.00013200871238	A	G
10	104420754	0.2186	-0.0098	0.0085	0.2459	0.990247863518235	0.973886998536377	1.00688358369721	T	C
10	106559287	0.2195	0.009	0.0085	0.2921	1.00904062177387	0.992369263034049	1.02599205186675	T	C
10	106614571	0.3743	-0.0032	0.0074	0.6701	0.996805114543033	0.982451795054635	1.01136813162817	A	G
10	110119994	0.485	-0.0031	0.0072	0.6612	0.996904800038679	0.982935280265411	1.01107285524619	T	G
10	115021616	0.0157	0.0542	0.037	0.1431	1.05569572018661	0.981846791109227	1.1350991455207	T	G
10	118914837	0.5956	0.0038	0.0074	0.6088	1.00380722915403	0.989353083950914	1.01847254498666	T	C
10	120159905	0.586	0.0019	0.007	0.7821	1.00190180614371	0.988249581777968	1.01574262986084	A	G
10	125426627	0.6201	0.0121	0.0076	0.1124	1.01217350115549	0.997207905167536	1.0273636933005	T	G
10	134954751	0.5907	-0.0097	0.0077	0.211	0.990346893255991	0.975512797589401	1.00540656299479	T	C
11	371325	0.9006	-0.0267	0.0138	0.05298	0.97365329370243	0.947670889478028	1.00034806055902	C	G
11	15714739	0.5076	-0.0007	0.007	0.9221	0.999300244942843	0.9856834702559	1.01310512925977	A	G
11	16377044	0.7094	-0.0187	0.0082	0.02186	0.981473760208966	0.965825599392397	0.99737545016899	T	C
11	20262014	0.4359	-0.003	0.0071	0.6785	0.997004495503373	0.983226272173047	1.01097579691096	T	C
11	24579950	0.6251	0.0058	0.0072	0.4223	1.00581685256587	0.991722449158788	1.02011156625894	A	G
11	28591587	0.5918	0.0084	0.0072	0.2426	1.0084353789918	0.994304282455454	1.02276730729849	T	C
11	29710982	0.6313	-0.006	0.0073	0.4053	0.994017964053935	0.979896818603387	1.0083426072045	A	C
11	30602310	0.3891	0.0086	0.0072	0.2342	1.00863708623765	0.994503163199356	1.02297188121666	A	G
11	31835468	0.8118	0.0075	0.009	0.4021	1.00752819544453	0.989911236474479	1.02545867468986	A	C
11	32927778	0.0389	0.0124	0.0188	0.51	1.0124771987582	0.975848431717532	1.05048083768606	T	G
11	38830472	0.5796	-0.0126	0.0076	0.09514	0.987479047651556	0.972878574059967	1.00229863782643	T	G
11	46077264	0.181	0.0108	0.0091	0.2346	1.0108585305201	0.992988694696762	1.02904995211179	A	G
11	46327578	0.0496	0.0129	0.0166	0.4369	1.01298356393833	0.98055553056792	1.04648402749294	A	G
11	46447246	0.1286	0.0295	0.0125	0.01811	1.02993943547189	1.0050125208594	1.05548460215508	T	C
11	48239731	0.0818	0.0152	0.0131	0.2453	1.01531610753226	0.989578682171275	1.04172292389382	T	C
11	57435296	0.3356	0.0199	0.0073	0.006402	1.02009932499359	1.00560766441686	1.034799822708	A	G
11	61251070	0.8816	0.0076	0.0119	0.5201	1.00762895330189	0.98439897668251	1.03140711396708	T	G
11	61571348	0.6725	0.0197	0.0075	0.00841	1.01989532552922	1.0050125208594	1.03499852334861	C	G
11	63680719	0.5545	-0.0008	0.0082	0.9249	0.999200319914684	0.9832695350808	1.01538921292376	T	C
11	63859751	0.7477	0.0224	0.0085	0.008524	1.02265276377463	1.00575650536515	1.0398328717508	A	G
11	70542984	0.4794	-0.0014	0.007	0.8438	0.998600979542827	0.984993733262833	1.01239620382214	A	G
11	73311373	0.8183	-0.0123	0.0099	0.2151	0.987775335806853	0.968793302460016	1.00712929326698	A	T
11	73525881	0.4375	-0.0048	0.0072	0.5008	0.995211501590097	0.981265709825921	1.00935549156499	A	G
11	83335034	0.3484	0.0012	0.0073	0.8663	1.00120072028809	0.986977535690173	1.0156288730568	T	C
11	85589298	0.3285	-0.0012	0.0075	0.87	0.998800719712086	0.984225737708091	1.01359153645021	A	T
11	88726033	0.5144	-0.0101	0.0081	0.2133	0.989950833715877	0.974358473931511	1.00579271325108	T	C
11	112842749	0.8306	-0.0193	0.0099	0.05165	0.980885052582789	0.962035429492807	1.00010400540819	T	G
11	113304457	0.5772	-0.01	0.0071	0.1578	0.990049833749168	0.976367721201961	1.00392367754649	A	G
11	113344912	0.6571	0.011	0.0075	0.1392	1.01106072244472	0.996306836565637	1.02603309236962	T	C
11	113445451	0.0202	0.0153	0.0275	0.5791	1.01541764421976	0.962135486380342	1.07165051782033	T	C
11	126702154	0.5597	0.0003	0.007	0.9678	1.0003000450045	0.986669646732213	1.01411874111049	T	C
11	127028030	0.9082	0.0093	0.0126	0.4604	1.00934337937177	0.984721912505442	1.03458046839797	C	G
11	131197431	0.1978	0.0037	0.0091	0.6836	1.00370685344998	0.985963444115859	1.02176957337993	A	T
11	131641026	0.499	0.0075	0.0085	0.3761	1.00752819544453	0.99088182499692	1.0244542174531	A	C
11	133370326	0.1976	-0.0024	0.0091	0.7921	0.997602877697382	0.97996737371428	1.01555575041038	T	G
11	133745999	0.4561	-0.0023	0.0072	0.7457	0.997702642973332	0.983721943112807	1.01188203715999	A	G
11	133834104	0.5673	0.0097	0.0078	0.2119	1.00974719748176	0.994427583831005	1.02530281681681	T	C
11	134326336	0.2728	0.0012	0.0088	0.8891	1.00120072028809	0.984080083077619	1.01861921559317	T	C
11	134773360	0.3844	-0.0012	0.0075	0.8728	0.998800719712086	0.984225737708091	1.01359153645021	T	C
12	2314825	0.3727	0.0132	0.0072	0.06574	1.01328750459633	0.999088415745604	1.0276883915272	A	G
12	11939528	0.1685	-0.0028	0.01	0.7787	0.997203916343893	0.977849017205975	1.01694191360233	A	G
12	16756508	0.528	0.0027	0.0076	0.7214	1.00270364828272	0.987878069783851	1.01775172162639	A	C
12	22473517	0.52	-0.0077	0.007	0.2768	0.992329569057412	0.978807778959363	1.00603815661599	A	G
12	22890730	0.4814	0.0014	0.0073	0.8429	1.00140098045749	0.987174950938178	1.01583201914534	A	C
12	24169797	0.7924	0.0038	0.0087	0.6617	1.00380722915403	0.986835421157525	1.02107092195776	T	C
12	33440641	0.5023	-0.0116	0.007	0.09786	0.988467020603353	0.974997862787025	1.00212224878886	T	C
12	39168233	0.5765	0.001	0.0071	0.8846	1.00100050016671	0.98716705357016	1.01502779869951	T	C
12	40378739	0.1305	0.0209	0.0105	0.04652	1.0211199345383	1.00032005120546	1.04235231459671	A	C
12	43466513	0.3182	-0.012	0.0079	0.1262	0.988071712861931	0.972890248672903	1.00349007618242	A	C
12	53780633	0.0385	0.0344	0.0229	0.1335	1.03499852334861	0.989570765573484	1.08251171174505	A	G
12	54753185	0.5078	0.0171	0.0074	0.01992	1.01724704194337	1.00259937252573	1.03210870931996	T	C
12	56040943	0.5768	-0.0038	0.0071	0.59	0.996207210863348	0.98244000570383	1.01016733969943	A	C
12	57979190	0.6909	0.0002	0.0078	0.9784	1.00020002000133	0.985025253566619	1.01560856068246	C	G
12	60791165	0.3831	-0.0041	0.0072	0.5701	0.995908393524931	0.981952836289004	1.0100622877589	A	T
12	62561299	0.1043	0.0129	0.0114	0.2575	1.01298356393833	0.990600454515121	1.03587243083941	A	G
12	74538047	0.5858	0.0028	0.0071	0.6922	1.00280392366123	0.988945554437171	1.01685649406925	A	G
12	77840997	0.6916	0.0015	0.0084	0.8618	1.00150112556271	0.985147404271249	1.01812632318241	A	G
12	84585161	0.2626	0.0031	0.0079	0.7002	1.00310480996902	0.987692366163419	1.01875775722711	A	C
12	92758273	0.4949	0.0017	0.0071	0.813	1.00170144581918	0.98785831242003	1.01573856689845	A	G
12	103535020	0.5082	-0.0021	0.007	0.7651	0.99790220345731	0.984304478916714	1.01168777445867	A	G
12	109898732	0.5576	0.0029	0.0069	0.6785	1.00290420906778	0.989432235363645	1.01655961531939	A	G
12	110297222	0.4648	-0.0053	0.007	0.4525	0.994714020220009	0.981159738851796	1.00845554790106	A	G
12	112964847	0.1024	-0.0313	0.0119	0.008374	0.969184774026142	0.946841093282643	0.992055723888724	T	C
12	117676279	0.8091	-0.0015	0.009	0.869	0.998501124437711	0.981042006747201	1.01627095338058	A	T
12	118828801	0.8327	-0.0196	0.0097	0.04368	0.980590831202428	0.962123940823779	0.999412172838122	A	G
12	121207147	0.4613	-0.0054	0.007	0.4381	0.994614553791391	0.981061627783546	1.00835470738838	T	C
12	121907336	0.4417	0.0018	0.0072	0.8068	1.00180162097244	0.987763482573943	1.01603927001611	A	G
12	123853449	0.2103	-0.0174	0.0101	0.08512	0.982750505802065	0.963487273335607	1.00239887270187	C	G
12	131530428	0.5564	0.0026	0.0079	0.7455	1.00260338293124	0.987198643421309	1.01824850567199	T	C
13	26036921	0.2119	0.007	0.0086	0.4204	1.00702455726685	0.990192411190557	1.02414283070418	T	C
13	37518022	0.3816	0.0069	0.0075	0.3573	1.00692385984608	0.992230341061989	1.02183496872525	T	C
13	42805360	0.1429	-0.0031	0.01	0.7609	0.996904800038679	0.977555706499619	1.01663687678606	T	C
13	54034124	0.3863	-0.0029	0.0074	0.6962	0.997104200938112	0.982746574807903	1.01167158758378	A	T
13	58291621	0.756	-0.0171	0.0082	0.03784	0.983045375182001	0.967372157267793	0.998972528210984	A	G
13	60374299	0.2325	0.0041	0.0083	0.6201	1.00410841649862	0.987905730757057	1.02057684320823	T	C
13	66596810	0.827	-0.0119	0.0092	0.1964	0.98817052497374	0.97051152608851	1.00615083919964	T	C
13	66951829	0.492	-0.0015	0.0073	0.8403	0.998501124437711	0.984316290641332	1.01289037373726	A	G
13	67592704	0.8871	0.0026	0.0112	0.8129	1.00260338293124	0.980834047886189	1.02485588222749	T	C
13	67803436	0.2371	-0.0052	0.0085	0.5389	0.994813496595767	0.978377198271319	1.01152591736367	A	C
13	69566706	0.7543	0.0134	0.0084	0.1113	1.01349018236435	0.996940689257482	1.03031440166611	A	G
13	78950611	0.371	-0.0003	0.0076	0.9672	0.9997000449955	0.984918876583694	1.01470304176781	T	C
13	78981531	0.1891	-0.0194	0.0091	0.03331	0.980786968981793	0.963448734615453	0.998437222410633	T	C
13	79308251	0.3813	-0.0001	0.0077	0.9884	0.999900004999833	0.98492281626708	1.01510494374369	A	G
13	79989381	0.3942	0.0004	0.0071	0.9507	1.00040008001067	0.986574930992554	1.01441896468876	T	C
13	80919712	0.3735	-0.0063	0.0077	0.4086	0.993719803391055	0.97883518596087	1.00883076315059	T	C
13	82744744	0.3766	0.0223	0.0077	0.003772	1.02255050361135	1.00723404016023	1.03809987624077	A	T
13	85234525	0.197	0.0096	0.0091	0.2901	1.00964622781057	0.991797822929091	1.02781583278894	T	G
13	91979840	0.1074	-0.0113	0.0115	0.3247	0.988763605194998	0.966726168451024	1.01130340613898	A	C
13	92878118	0.2105	0.013	0.0089	0.1454	1.01308486735981	0.99556585995671	1.03091215735147	A	C
13	94022948	0.4678	0.0051	0.007	0.4655	1.00511302713672	0.991417045678997	1.01899821243041	A	G
13	97027206	0.9346	0.0218	0.0144	0.1301	1.02203935615706	0.993596589774836	1.05129632718511	A	G
13	99109816	0.6063	-0.0045	0.0075	0.5462	0.995510109829571	0.980983145992636	1.01025219731993	T	G
14	33772933	0.305	-0.0062	0.0075	0.4071	0.993819180340158	0.979316891362175	1.00853622757204	A	G
14	38972370	0.4215	0.004	0.0071	0.5748	1.00400801067734	0.990133001428197	1.01807745429176	A	C
14	39795207	0.5377	-0.0049	0.007	0.4813	0.99511198541583	0.981552281250582	1.00885901080743	T	G
14	42074726	0.4898	-0.0042	0.007	0.5482	0.995808807664954	0.982239608383888	1.00956545934313	A	G
14	43069527	0.6195	-0.0025	0.0074	0.7313	0.99750312239746	0.983139752068036	1.01207633716333	A	G
14	47238606	0.3793	-0.0087	0.0079	0.2689	0.991337735487793	0.976106089712865	1.00680706345266	T	C
14	64743301	0.5547	-0.0119	0.0071	0.09467	0.98817052497374	0.974514383759793	1.00201803349428	A	G
14	69498110	0.6518	-0.0052	0.0073	0.4768	0.994813496595767	0.980681049708887	1.00914960404596	T	C
14	73439505	0.3733	-0.0025	0.0073	0.7357	0.99750312239746	0.983332466344824	1.01187798963994	A	T
14	75355203	0.448	0.0071	0.007	0.315	1.00712526475787	0.993401863926997	1.02103824821104	T	C
14	82891741	0.8704	0.007	0.0105	0.502	1.00702455726685	0.986511792217433	1.02796384892577	T	C
14	87407495	0.9424	-0.0007	0.0162	0.965	0.999300244942843	0.968068916024078	1.03153914252732	A	G
14	91463489	0.7498	-0.021	0.0083	0.01107	0.97921896456946	0.963417904749226	0.995279178273186	A	C
14	98496873	0.9068	-0.0216	0.0122	0.07711	0.978631609414885	0.955508136405521	1.00231467473293	T	C
14	98659847	0.8039	-0.0012	0.0089	0.8945	0.998800719712086	0.981528724278517	1.01637665105591	A	G
14	103370163	0.237	0.0181	0.0082	0.02817	1.01826479777842	1.00203005778283	1.03476257058493	T	C
14	104079924	0.3492	0.0018	0.0087	0.8318	1.00180162097244	0.98486372267093	1.01903082089494	A	G
15	29853387	0.8853	-0.0042	0.013	0.7502	0.995808807664954	0.970756125811355	1.02150803384763	T	C
15	37436748	0.7089	0.0029	0.0081	0.721	1.00290420906778	0.987107825323811	1.01895337749544	A	G
15	37658915	0.4898	-0.0117	0.0071	0.09719	0.988368178843463	0.974709306128132	1.00221845714267	T	C
15	38843887	0.7469	-0.0008	0.008	0.9183	0.999200319914684	0.983655052294989	1.01499125835649	A	G
15	40968531	0.5123	-0.0041	0.007	0.5628	0.995908393524931	0.982337837256089	1.00966642093706	T	C
15	43644760	0.7085	-0.0098	0.008	0.221	0.990247863518235	0.974841875608286	1.00589732113278	T	C
15	47685416	0.6672	0.0073	0.0075	0.327	1.00732670995467	0.992627312587426	1.02224378447044	A	T
15	47956756	0.2729	0.0044	0.0078	0.5779	1.00440969421296	0.989171059730209	1.01988308685874	A	G
15	56885148	0.9815	-0.0811	0.0309	0.008733	0.922101476686278	0.867912826209064	0.979673427596288	C	G
15	63904280	0.7815	-0.0167	0.0085	0.04819	0.98343867198619	0.967190308396556	0.999960000799989	C	G
15	66393606	0.2062	0.0095	0.0087	0.2767	1.00954526823586	0.992476444702163	1.02690764507087	T	C
15	74012409	0.6044	0.0048	0.0074	0.5194	1.00481153845414	0.990342931876341	1.01949152693771	T	C
15	74171368	0.4563	0.0005	0.007	0.9467	1.00050012502084	0.986867000396268	1.01432158514244	A	G
15	78101909	0.4315	-0.0033	0.007	0.6351	0.996705439015438	0.983124021957844	1.01047447725324	A	G
15	88427589	0.7219	-0.0093	0.0081	0.2501	0.99074311125161	0.975138272588529	1.0065976693612	T	C
15	88945878	0.7834	-0.0024	0.0091	0.7929	0.997602877697382	0.97996737371428	1.01555575041038	C	G
15	91426560	0.5458	0.0188	0.0075	0.01205	1.01897783266996	1.00410841649862	1.03406744372628	A	G
15	91573449	0.4332	-0.0068	0.0075	0.3612	0.993223067683635	0.978729477469148	1.00793128733572	T	C
15	96957969	0.8757	-0.0116	0.0116	0.3169	0.988467020603353	0.966246791166866	1.01119823605369	A	G
16	6319505	0.6674	-0.006	0.0082	0.4626	0.994017964053935	0.978169804289824	1.01012289331431	A	G
16	6639512	0.458	-0.0038	0.0071	0.5906	0.996207210863348	0.98244000570383	1.01016733969943	A	G
16	7662811	0.373	-0.0069	0.0075	0.3527	0.993123750342816	0.978631609414885	1.00783049924647	A	G
16	12342972	0.3385	0.0131	0.01	0.1889	1.01318618091214	0.993521079303448	1.03324052058466	T	C
16	13088905	0.7271	0.0051	0.0092	0.5786	1.00511302713672	0.987151259023659	1.02340161964553	T	C
16	13802379	0.1739	0.0055	0.0093	0.5499	1.00551515276734	0.98735265842254	1.02401174881127	T	C
16	15558272	0.3842	-0.0009	0.0073	0.9001	0.999100404878527	0.984907057628089	1.01349829031824	A	G
16	17164470	0.3545	0.0055	0.0076	0.4679	1.00551515276734	0.990648004478128	1.02060541975991	T	C
16	17965261	0.6528	-0.0091	0.0074	0.2169	0.990941279690043	0.976672395457689	1.00541862794594	T	C
16	21630698	0.3414	0.0005	0.0077	0.9511	1.00050012502084	0.98551394727841	1.01571418946537	T	G
16	23191250	0.3272	-0.0074	0.0076	0.3337	0.992627312587426	0.977950718792155	1.00752416533981	A	G
16	25353267	0.1506	0.0001	0.0098	0.9905	1.00010000500017	0.981073400593716	1.01949560491197	T	G
16	49590802	0.0698	0.0024	0.0142	0.8665	1.00240288230538	0.974888669141351	1.03069362713913	A	G
16	49820598	0.2368	-0.0161	0.0084	0.05401	0.984028912243752	0.967960498376985	1.00036406625604	T	C
16	51212775	0.1951	0.001	0.01	0.9194	1.00100050016671	0.981571912492519	1.02081364450375	T	C
16	53812614	0.4784	0.0125	0.007	0.07211	1.01257845154063	0.998780743897451	1.02656676832138	A	G
16	54128197	0.2914	0.0087	0.0077	0.2587	1.00873795498962	0.993628385374436	1.02407728766041	A	C
16	56364030	0.3521	0.0087	0.0074	0.2403	1.00873795498962	0.994212810669234	1.02347530721486	C	G
16	60644621	0.3518	0.0013	0.0073	0.8642	1.00130084536629	0.987076238378794	1.01573044102241	T	C
16	61037218	0.2426	0.002	0.0082	0.812	1.002002001334	0.986026547795579	1.01823628676324	A	G
16	62779700	0.4381	-0.0044	0.0072	0.5445	0.99560966581827	0.981658294621576	1.00975931452083	T	C
16	65841162	0.3765	0.0032	0.0073	0.6589	1.00320512546571	0.988953466033253	1.0176621634155	T	C
16	69588572	0.575	0.0136	0.0075	0.07065	1.01369290067198	0.998900604778228	1.02870424940919	T	C
16	72225733	0.5081	-0.0026	0.007	0.7078	0.99740337707257	0.983812449694812	1.01118205701134	A	G
16	72985338	0.7357	0.0189	0.008	0.01876	1.01907973554828	1.00322518976886	1.0351848398508	T	C
16	77029097	0.1591	-0.0204	0.0096	0.03285	0.979806672242872	0.961542993427296	0.998417253865871	A	T
16	77195686	0.6779	-0.0142	0.0076	0.06056	0.985900344474645	0.97132321296216	1.0006962422642	T	C
16	82876533	0.3497	-0.0018	0.0074	0.8133	0.998201619028437	0.983828190819936	1.01278503861591	T	C
16	87883089	0.2857	-0.0101	0.0082	0.2179	0.989950833715877	0.974167518384875	1.00598986794341	T	C
17	2314024	0.7046	0.0039	0.0083	0.6435	1.00390761489615	0.987708169367703	1.02037274824977	A	G
17	8068045	0.3258	-0.0084	0.0076	0.2701	0.991635181423098	0.976973256885771	1.00651714476868	C	G
17	11211438	0.3837	-0.0117	0.0072	0.1059	0.988368178843463	0.974518281825125	1.00241491121214	T	G
17	27368639	0.0842	0.0014	0.0125	0.9108	1.00140098045749	0.977164762411049	1.02623831951013	A	G
17	31570600	0.7508	-0.0095	0.0087	0.2769	0.9905449824429	0.973797405053875	1.0075805882729	T	C
17	38218804	0.6767	0.0035	0.008	0.6628	1.00350613215209	0.987893875959417	1.01936511782589	A	G
17	44068492	0.7711	0.0087	0.0107	0.4191	1.00873795498962	0.987802993903467	1.03011660029053	A	G
17	45558090	0.4859	0.007	0.0081	0.3879	1.00702455726685	0.991163275399285	1.02313966236286	T	C
17	46643389	0.432	0.0203	0.007	0.003842	1.02050744634242	1.00660169575993	1.03460529862717	A	G
17	57211213	0.3358	-0.0085	0.0075	0.2583	0.991536022862967	0.977067050820469	1.00621925978298	A	G
17	63380264	0.9387	0.028	0.0151	0.06452	1.02839568442143	0.998405272930711	1.0592869573216	T	C
17	65845918	0.7898	-0.0163	0.0087	0.06205	0.98383212614057	0.967198045949973	1.00075228282289	A	G
17	73818872	0.187	0.0006	0.009	0.9495	1.00060018003601	0.983104359674029	1.01840736482957	A	G
17	77810623	0.1687	0.0154	0.0104	0.1392	1.01551919106144	0.995028399519712	1.03643195300945	T	C
17	79992815	0.8445	-0.015	0.0125	0.2309	0.985111939603063	0.961269953990598	1.00954526823586	A	G
18	4587928	0.3188	0.0019	0.0077	0.8056	1.00190180614371	0.986894633059134	1.01713718519521	T	C
18	21131929	0.508	0.0145	0.0069	0.036	1.0146056349514	1.00097647644299	1.02842036621403	T	C
18	25362907	0.3298	-0.0075	0.0084	0.374	0.992528054819138	0.976320856676101	1.00900429696533	C	G
18	26481458	0.5212	0.007	0.0073	0.3396	1.00702455726685	0.992718638501112	1.02153663647301	A	G
18	30621913	0.0795	-0.0065	0.013	0.6176	0.993521079303448	0.968525952404542	1.01916126518827	T	G
18	31399468	0.5216	-0.0009	0.007	0.9014	0.999100404878527	0.985486353274204	1.01290252849467	A	G
18	35138245	0.3161	0.0009	0.0078	0.9104	1.00090040512153	0.985715012631623	1.0163197355571	A	G
18	36844401	0.9108	0.0058	0.0128	0.6495	1.00581685256587	0.980896823274044	1.03136998397932	A	T
18	39294665	0.885	0.0156	0.0111	0.1595	1.01572231521139	0.993862909346125	1.03806250531791	A	G
18	42260348	0.2574	-0.0148	0.0081	0.06784	0.985308981694536	0.969789734053033	1.00107657909568	T	C
18	50754996	0.4571	0.004	0.007	0.5669	1.00400801067734	0.990327086516194	1.01787793066467	A	G
18	52471537	0.7749	-0.0008	0.0085	0.9286	0.999200319914684	0.982691542540632	1.01598643734773	A	G
18	52754086	0.2322	0.0016	0.0085	0.8532	1.00160128068294	0.985052834659852	1.01842773318055	A	G
18	53099012	0.7154	0.0081	0.0079	0.308	1.00813289375315	0.992643194751484	1.02386430173588	C	G
18	60243876	0.2831	-0.0192	0.0079	0.01426	0.980983145992636	0.96591059578493	0.996290895783778	A	G
18	63494190	0.2872	-0.0053	0.0079	0.5003	0.994714020220009	0.979430498710671	1.01023603341409	A	T
18	74661760	0.5842	0.004	0.0072	0.5769	1.00400801067734	0.989938954377149	1.01827701702931	A	G
18	77574374	0.2022	0.0058	0.0094	0.5343	1.00581685256587	0.987455348438805	1.02451978462114	T	C
19	4044579	0.1638	-0.0353	0.0119	0.003085	0.965315778080588	0.943061293548712	0.988095426867606	A	G
19	18597196	0.1358	0.0022	0.0108	0.8409	1.00220242177564	0.981210760484767	1.02364317092969	A	G
19	31891006	0.5987	-0.0189	0.0072	0.00837	0.981277485085091	0.967526949195979	0.995223444199772	A	G
19	47758145	0.4324	-0.0134	0.0075	0.07295	0.986689380322482	0.972291132826346	1.00130084536629	A	G
19	51781455	0.0672	-0.0221	0.0165	0.1812	0.978142415918743	0.947015328072916	1.01029260821604	A	G
20	31074372	0.3619	-0.0036	0.0074	0.6233	0.996406472230993	0.982058892922278	1.01096366527418	A	G
20	36288210	0.3803	-0.0088	0.0074	0.2371	0.991238606670767	0.976965441130979	1.00572029878268	T	C
20	39832628	0.7799	0.012	0.0087	0.1687	1.01207228886608	0.994960739888998	1.02947812594585	T	C
20	42015801	0.8292	-0.0024	0.0097	0.8074	0.997602877697382	0.978815609452917	1.01675074649284	A	T
20	44688665	0.2686	0.0179	0.0079	0.02397	1.0180611651828	1.00241892087981	1.03394749885974	A	G
20	44912642	0.5483	-0.0119	0.0071	0.09604	0.98817052497374	0.974514383759793	1.00201803349428	A	G
20	45840459	0.6302	-0.0174	0.0076	0.02245	0.982750505802065	0.968219946555053	0.997499132392951	A	C
20	47621372	0.5723	0.0108	0.0071	0.1291	1.0108585305201	0.996888849689481	1.02502397237519	A	G
20	48090779	0.1763	-0.0037	0.0094	0.6948	0.996306836565637	0.978118940782464	1.01483293206995	A	G
20	51205902	0.8182	0.0076	0.0091	0.404	1.00762895330189	0.989816209557142	1.02576225538529	A	T
20	59008217	0.7912	0.0023	0.0087	0.7916	1.002302647029	0.985356277660751	1.01954046370547	C	G
20	59770941	0.4081	-0.0111	0.0073	0.1283	0.988961377692628	0.974912066750181	1.00321315113881	A	G
20	62846274	0.2229	-0.0036	0.0096	0.7049	0.996406472230993	0.977833371746864	1.01533235271994	T	C
21	38817699	0.2445	-0.0022	0.009	0.8059	0.997802418226309	0.980355517641697	1.01555981264151	T	C
21	46488169	0.6178	-0.0048	0.0075	0.5214	0.995211501590097	0.980688895188666	1.00994916711754	A	C
22	23412017	0.3586	-0.0185	0.008	0.02062	0.981670074591791	0.966397537424191	0.997183972465006	A	G
22	31213097	0.2037	0.0042	0.0087	0.6289	1.00420883236098	0.987230234283349	1.02147943202311	T	C
22	37004171	0.7434	-0.0002	0.0091	0.9859	0.999800019998667	0.982125675197569	1.01779243250947	T	C
22	41408754	0.7225	0.0051	0.0078	0.5132	1.00511302713672	0.989863721875488	1.02059725494921	T	C
22	46459132	0.3444	0.0006	0.0077	0.9367	1.00060018003601	0.985612503600872	1.01581576596306	T	G
22	48873919	0.4684	0.0074	0.0072	0.3043	1.00742744766246	0.993310475159463	1.02174505120443	T	C
22	49610444	0.4508	-0.0005	0.007	0.9405	0.999500124979169	0.985880626664935	1.01330777054908	A	G
22	50180497	0.8085	0.0055	0.0091	0.5483	1.00551515276734	0.987739776534835	1.02361041487232	A	C
22	50624909	0.3821	0.0119	0.0076	0.1153	1.01197108669738	0.997008483529331	1.02715824110774	C	G
